4.845987632870674133e-02
2.969029545783996582e-02
7.571143214590847492e-04
2.373231473029591143e-05
0.000000000000000000e+00
0.000000000000000000e+00
0.000000000000000000e+00
0.000000000000000000e+00
1.728076022118330002e-04
5.526986345648765564e-02
4.369808733463287354e-02
4.966601845808327198e-04
4.831452679354697466e-05
0.000000000000000000e+00
0.000000000000000000e+00
0.000000000000000000e+00
3.644402386271394789e-05
6.236330227693542838e-05
4.391680471599102020e-03
1.861970638856291771e-03
1.845883161877281964e-05
0.000000000000000000e+00
0.000000000000000000e+00
0.000000000000000000e+00
9.518115007267624605e-07
5.493955904967151582e-05
1.808552383408823516e-06
1.362302100460510701e-05
1.796271862986031920e-05
1.165648882306413725e-06
0.000000000000000000e+00
0.000000000000000000e+00
0.000000000000000000e+00
3.076884968322701752e-05
2.560335451562423259e-05
1.137160779762780294e-06
1.083797087630955502e-06
0.000000000000000000e+00
0.000000000000000000e+00
0.000000000000000000e+00
0.000000000000000000e+00
7.598102911288151518e-07
5.393671017372980714e-06
4.520973959643015405e-07
1.994363785229325003e-08
0.000000000000000000e+00
0.000000000000000000e+00
0.000000000000000000e+00
0.000000000000000000e+00
0.000000000000000000e+00
0.000000000000000000e+00
0.000000000000000000e+00
0.000000000000000000e+00
0.000000000000000000e+00
0.000000000000000000e+00
0.000000000000000000e+00
0.000000000000000000e+00
0.000000000000000000e+00
0.000000000000000000e+00
0.000000000000000000e+00
0.000000000000000000e+00
0.000000000000000000e+00
0.000000000000000000e+00
0.000000000000000000e+00
1.237930078059434891e-02
9.925792925059795380e-03
7.490387069992721081e-04
9.644167585065588355e-05
7.317352128666243516e-07
0.000000000000000000e+00
0.000000000000000000e+00
0.000000000000000000e+00
3.349074162542819977e-03
3.289538621902465820e-01
1.311113238334655762e-01
2.343105385079979897e-03
2.978518314193934202e-04
4.518550667853560299e-06
0.000000000000000000e+00
0.000000000000000000e+00
3.010256623383611441e-04
2.806848380714654922e-03
2.947490215301513672e-01
1.454789191484451294e-01
1.148872426711022854e-03
4.306989183078258066e-07
0.000000000000000000e+00
0.000000000000000000e+00
2.038366801571100950e-06
2.052372088655829430e-03
6.594407022930681705e-04
2.491506002843379974e-02
2.112901024520397186e-02
1.179836341179907322e-03
0.000000000000000000e+00
0.000000000000000000e+00
0.000000000000000000e+00
2.239688399185979506e-07
4.173250636085867882e-04
3.139188265777193010e-05
1.061704970197752118e-04
1.420228043571114540e-03
4.241424539941363037e-05
0.000000000000000000e+00
0.000000000000000000e+00
0.000000000000000000e+00
5.502818680724885780e-07
2.521537453503697179e-06
9.376853427056630608e-07
1.007079390547005460e-06
1.323781617657004972e-07
0.000000000000000000e+00
0.000000000000000000e+00
0.000000000000000000e+00
0.000000000000000000e+00
0.000000000000000000e+00
0.000000000000000000e+00
1.681043038104235166e-08
0.000000000000000000e+00
0.000000000000000000e+00
0.000000000000000000e+00
0.000000000000000000e+00
0.000000000000000000e+00
0.000000000000000000e+00
0.000000000000000000e+00
0.000000000000000000e+00
0.000000000000000000e+00
0.000000000000000000e+00
3.974055871367454529e-04
1.232712238561362028e-04
3.657214110717177391e-04
9.547306399326771498e-05
1.329404586414284495e-08
0.000000000000000000e+00
0.000000000000000000e+00
0.000000000000000000e+00
8.735544048249721527e-03
4.416371136903762817e-02
1.227955706417560577e-02
6.903750472702085972e-04
1.749254879541695118e-04
1.539674121886491776e-05
0.000000000000000000e+00
0.000000000000000000e+00
6.195298046804964542e-04
1.333470642566680908e-02
3.406142294406890869e-01
1.311392039060592651e-01
4.634897049982100725e-04
2.573900383140426129e-05
1.091968915289953657e-08
0.000000000000000000e+00
1.065474293682200368e-06
6.549382815137505531e-04
5.037957802414894104e-03
1.886049211025238037e-01
6.058970838785171509e-02
7.448881515301764011e-04
5.119591861557637458e-08
0.000000000000000000e+00
0.000000000000000000e+00
2.046295412583276629e-05
1.452026190236210823e-04
6.052677636034786701e-04
1.214910019189119339e-02
8.796905167400836945e-03
7.599561358802020550e-04
0.000000000000000000e+00
0.000000000000000000e+00
0.000000000000000000e+00
3.533546788503372227e-09
6.518224381579784676e-06
1.050078662956366315e-05
3.387224205653183162e-05
4.151938483119010925e-04
1.715077857511460024e-08
0.000000000000000000e+00
0.000000000000000000e+00
0.000000000000000000e+00
0.000000000000000000e+00
2.761262862804869656e-08
4.312638282044645166e-07
6.315326572803314775e-07
0.000000000000000000e+00
0.000000000000000000e+00
0.000000000000000000e+00
0.000000000000000000e+00
0.000000000000000000e+00
0.000000000000000000e+00
0.000000000000000000e+00
3.321521502286373106e-09
0.000000000000000000e+00
2.815489278873428702e-05
6.537405852213851176e-07
4.900010935671161860e-06
3.145495668377407128e-07
0.000000000000000000e+00
0.000000000000000000e+00
0.000000000000000000e+00
0.000000000000000000e+00
4.900339408777654171e-04
5.001612007617950439e-04
6.844101008027791977e-04
3.093860286753624678e-04
2.902163032558746636e-06
6.660413998105241262e-09
0.000000000000000000e+00
0.000000000000000000e+00
5.833608447574079037e-04
3.764140186831355095e-03
6.741686910390853882e-02
2.402766048908233643e-02
4.742689779959619045e-04
1.033951630233787000e-04
3.473727758773748064e-07
0.000000000000000000e+00
4.243669172865338624e-05
2.254268620163202286e-03
2.979342080652713776e-02
2.931140363216400146e-01
4.819084331393241882e-02
2.174562687287107110e-04
2.483130401742528193e-06
0.000000000000000000e+00
0.000000000000000000e+00
7.702681614318862557e-06
5.688595119863748550e-04
3.556199138984084129e-03
9.376391023397445679e-02
1.086523383855819702e-02
8.592371159465983510e-05
0.000000000000000000e+00
0.000000000000000000e+00
0.000000000000000000e+00
1.672287197607147391e-08
3.506723942336975597e-06
1.027087491820566356e-04
3.246314590796828270e-03
1.574520720168948174e-03
9.527469956083223224e-06
0.000000000000000000e+00
0.000000000000000000e+00
0.000000000000000000e+00
0.000000000000000000e+00
4.053958946315106004e-07
6.826355161138053518e-07
4.606764196068979800e-05
3.909442511940142140e-06
0.000000000000000000e+00
0.000000000000000000e+00
0.000000000000000000e+00
0.000000000000000000e+00
0.000000000000000000e+00
0.000000000000000000e+00
4.568859708342642989e-07
1.264903630726621486e-06
3.745549747691256925e-06
5.527961732809671958e-08
1.560997446858891635e-07
4.225637439958518371e-08
1.049819520204664514e-08
0.000000000000000000e+00
0.000000000000000000e+00
0.000000000000000000e+00
1.311506639467552304e-04
3.390652418602257967e-04
1.793790397641714662e-05
1.449863430025288835e-05
3.107189172624202911e-08
0.000000000000000000e+00
0.000000000000000000e+00
0.000000000000000000e+00
1.288059720536693931e-04
2.601411833893507719e-04
8.201714372262358665e-04
3.629489510785788298e-04
9.291560854762792587e-05
1.713032816041959450e-06
0.000000000000000000e+00
0.000000000000000000e+00
5.756125574407633394e-06
4.279782879166305065e-04
8.021969348192214966e-03
1.555094271898269653e-01
1.857881806790828705e-02
2.593514509499073029e-04
6.219332590262638405e-06
2.930219977770320838e-08
0.000000000000000000e+00
5.503752163349417970e-06
2.244630595669150352e-04
4.724147915840148926e-02
1.843740344047546387e-01
2.674126252532005310e-02
1.279327807424124330e-05
1.483542177993513178e-07
0.000000000000000000e+00
0.000000000000000000e+00
0.000000000000000000e+00
9.231945114152040333e-06
6.754076457582414150e-04
2.578737959265708923e-02
2.287141978740692139e-03
6.042220320523483679e-06
0.000000000000000000e+00
0.000000000000000000e+00
0.000000000000000000e+00
0.000000000000000000e+00
1.795325204057007795e-07
2.001936263695824891e-05
1.499158679507672787e-03
3.575328737497329712e-04
0.000000000000000000e+00
0.000000000000000000e+00
0.000000000000000000e+00
0.000000000000000000e+00
0.000000000000000000e+00
0.000000000000000000e+00
8.282595445052720606e-07
5.632936517940834165e-05
2.153104105673264712e-06
3.199980014301218034e-08
2.195330353060853668e-07
5.390259616433468182e-07
0.000000000000000000e+00
0.000000000000000000e+00
0.000000000000000000e+00
0.000000000000000000e+00
6.329873372123984154e-07
8.947056926444929559e-07
4.236572692661866313e-07
6.206106627359986305e-05
1.026082486532686744e-06
0.000000000000000000e+00
0.000000000000000000e+00
0.000000000000000000e+00
1.303724047829746269e-06
5.556297310249647126e-06
5.640603922074660659e-05
4.364542110124602914e-05
2.187383506679907441e-05
0.000000000000000000e+00
0.000000000000000000e+00
0.000000000000000000e+00
2.419623115201829933e-07
6.864201623102417216e-06
2.590998192317783833e-04
1.704861409962177277e-03
3.077728033531457186e-04
3.225394902983680367e-05
1.907090023678392754e-07
0.000000000000000000e+00
0.000000000000000000e+00
1.780496972969558556e-06
1.931915030581876636e-04
2.373016439378261566e-02
1.267491728067398071e-01
9.161273017525672913e-03
2.332698022655677050e-05
5.847833222105691675e-07
0.000000000000000000e+00
6.998797097423903324e-09
5.487853513841400854e-07
4.324745095800608397e-04
2.747506462037563324e-02
7.138038426637649536e-02
2.690865425392985344e-03
6.783109256502939388e-07
0.000000000000000000e+00
0.000000000000000000e+00
3.499398548711951662e-09
1.049819520204664514e-08
3.720500671988702379e-07
6.404113082680851221e-05
6.996518466621637344e-03
1.035675988532602787e-03
0.000000000000000000e+00
0.000000000000000000e+00
0.000000000000000000e+00
0.000000000000000000e+00
0.000000000000000000e+00
0.000000000000000000e+00
1.009014340525027364e-05
1.550655346363782883e-03
4.416650881466921419e-06
2.917488757248065667e-07
0.000000000000000000e+00
0.000000000000000000e+00
0.000000000000000000e+00
0.000000000000000000e+00
0.000000000000000000e+00
0.000000000000000000e+00
6.494877652585273609e-06
3.626315674409852363e-06
7.972215598783805035e-08
1.598625544829701539e-06
8.492518759339873213e-07
0.000000000000000000e+00
0.000000000000000000e+00
0.000000000000000000e+00
5.923084245296195149e-06
1.013671317195985466e-05
1.197082269754901063e-06
2.557146444814861752e-06
4.347167487139813602e-05
4.227623762176335731e-08
0.000000000000000000e+00
0.000000000000000000e+00
2.468182628945214674e-06
1.780574848453397863e-06
1.222227365360595286e-05
8.569648343836888671e-06
2.110008790623396635e-05
1.608572233635641169e-06
0.000000000000000000e+00
0.000000000000000000e+00
1.805846778779596207e-07
1.236543994309613481e-06
1.892898944788612425e-05
7.205903530120849609e-04
4.415611736476421356e-03
1.842551137087866664e-04
3.969335921283345670e-06
3.804355230840883451e-08
1.363466317627626267e-08
7.252350542330532335e-08
1.507481101725716144e-06
9.640878997743129730e-04
3.774577006697654724e-02
6.835343688726425171e-02
4.394689109176397324e-03
2.921075747508439235e-06
0.000000000000000000e+00
0.000000000000000000e+00
1.059844301209977857e-08
2.173903340008109808e-05
1.641648705117404461e-04
5.816353484988212585e-03
1.727324537932872772e-02
1.260279561392962933e-03
0.000000000000000000e+00
0.000000000000000000e+00
0.000000000000000000e+00
6.998797097423903324e-09
0.000000000000000000e+00
4.009958232131793920e-08
5.332065120455808938e-05
5.985455587506294250e-03
5.833465365867596120e-06
5.701570557903323788e-07
0.000000000000000000e+00
0.000000000000000000e+00
0.000000000000000000e+00
0.000000000000000000e+00
0.000000000000000000e+00
0.000000000000000000e+00
7.737601663393434137e-06
1.793056435417383909e-05
7.382522593246676479e-09
0.000000000000000000e+00
0.000000000000000000e+00
0.000000000000000000e+00
0.000000000000000000e+00
0.000000000000000000e+00
4.205896402709186077e-06
3.302426921436563134e-05
1.206837168865604326e-06
1.997881859949757200e-08
5.126503666019743832e-08
0.000000000000000000e+00
0.000000000000000000e+00
0.000000000000000000e+00
1.270953021048626397e-06
4.661208004108630121e-05
5.188720479054609314e-06
1.012719295090391824e-07
3.617280128764832625e-07
1.489845658397825900e-06
2.449578850871603208e-08
0.000000000000000000e+00
3.613505441535380669e-07
4.460180207388475537e-05
1.720222644507884979e-05
9.236580808646976948e-06
9.101187060878146440e-06
1.890908038149063941e-06
1.559610723234072793e-06
0.000000000000000000e+00
1.170125329963411787e-07
2.565740396676119417e-05
2.310967829544097185e-05
3.577541792765259743e-05
1.719646505080163479e-03
3.727399744093418121e-03
5.036422589910216630e-05
3.711728595590102486e-07
9.956176327818866412e-09
2.876822236430598423e-06
6.198638402565848082e-06
8.426582644460722804e-05
9.927089558914303780e-04
2.442196011543273926e-02
1.585195772349834442e-02
2.376369375269860029e-04
0.000000000000000000e+00
8.679847951498231851e-08
6.193594686010328587e-07
1.395966478412447032e-06
3.931034734705463052e-05
3.349185863044112921e-04
1.578485406935214996e-02
1.169887036085128784e-01
3.961979150772094727e-01
4.967371374368667603e-02
1.196621824055910110e-02
3.668283345177769661e-03
7.260172278620302677e-04
2.185266021115239710e-05
4.558102773444261402e-06
2.666149157448671758e-06
4.631191550288349390e-04
3.555876389145851135e-02
4.437624663114547729e-02
4.352164454758167267e-03
1.788814552128314972e-03
9.616556053515523672e-05
2.766022930700273719e-07
9.485611940363014583e-08
3.348937980263144709e-07
3.840437275357544422e-04
2.029938157647848129e-03
2.530349884182214737e-03
2.108393935486674309e-03
8.234803099185228348e-04
1.929664449562551454e-06
0.000000000000000000e+00
1.843213759400441631e-08
9.550559809667902300e-08
5.519361002370715141e-04
1.268885913304984570e-03
1.642185670789331198e-04
3.247194035793654621e-05
6.545370752064627595e-07
0.000000000000000000e+00
9.409813372940334375e-09
3.375277657369224471e-08
7.135425583726373588e-09
2.470546169206500053e-04
2.151295775547623634e-04
2.174940391341806389e-06
1.759705128279165365e-07
0.000000000000000000e+00
2.494929596252859483e-09
1.417526718228145910e-08
3.162037742754364444e-09
1.485382233878951297e-10
2.459055622239247896e-06
2.198255799612525152e-08
3.083577837514894782e-08
1.252831866027648289e-10
1.029150320519534034e-09
4.189045110791767002e-09
1.958585515993149784e-09
2.853871861052681425e-10
0.000000000000000000e+00
2.251210773351886019e-09
5.276206138660199940e-09
2.293200296321629139e-09
0.000000000000000000e+00
3.926228675510401445e-09
2.633664841766858444e-09
1.873053268042212949e-09
1.136206795315786167e-09
3.166745088378775108e-09
1.653099102050248348e-09
4.036720291367146274e-09
2.160718664526939392e-02
9.406245313584804535e-03
1.151188844232819974e-04
4.194048815406858921e-04
1.012917127809487283e-04
1.928167330333963037e-05
1.433231318515026942e-05
1.109643926611170173e-05
2.593776909634470940e-03
8.412690460681915283e-02
5.382797494530677795e-02
6.859236862510442734e-03
3.053328255191445351e-03
5.580141441896557808e-04
1.872709071903955191e-05
4.399495992402080446e-06
2.178069553337991238e-05
1.667864248156547546e-02
4.644427448511123657e-02
7.732548564672470093e-02
1.213393919169902802e-02
1.384271425195038319e-03
1.963294344022870064e-04
1.912071390108849300e-08
2.807422845307883108e-07
2.098833792842924595e-04
5.712924175895750523e-04
2.373019000515341759e-03
1.968404650688171387e-02
2.055153716355562210e-03
4.956879420205950737e-04
1.225012624672672246e-07
4.977782075421544050e-10
1.642388269829098135e-08
1.455920710213831626e-06
3.587982500903308392e-04
4.333367687650024891e-04
2.511134371161460876e-04
1.202007024403428659e-05
4.925196890326333232e-07
1.056636200758021005e-08
7.574461591275394312e-08
3.569993722862818686e-08
1.919061247690478922e-07
2.360827347729355097e-04
2.784699317999184132e-04
1.641418634790170472e-06
8.364892778445209842e-09
0.000000000000000000e+00
5.024068272518888989e-09
1.704889385223395948e-08
1.401190052874312642e-09
4.174163237280481553e-10
1.946113570738816634e-06
2.345504945822085574e-08
9.698728931084588112e-09
0.000000000000000000e+00
2.206213406408252808e-10
1.437269414594766204e-08
5.547827086616052839e-09
1.887052292204316473e-09
6.501801763647563348e-09
7.570279514368394302e-09
4.195447544930175354e-08
3.636539215222001076e-03
2.087040775222703815e-05
1.463334228901658207e-06
4.197392655669318628e-08
1.694206375191242842e-08
8.889573521742022422e-09
4.627652039346230595e-09
1.218193990126792414e-08
5.963394884020090103e-03
2.538180910050868988e-02
4.287654999643564224e-03
2.151257358491420746e-04
9.170397242996841669e-05
5.699336270481580868e-06
3.091793132625753060e-06
1.015856923913815990e-06
1.113650650950148702e-04
2.748814038932323456e-02
7.142096757888793945e-02
4.921574890613555908e-02
9.973898995667695999e-04
2.117325784638524055e-04
5.061123738414607942e-05
3.025768933184735943e-07
5.748453531850827858e-06
3.289715154096484184e-03
1.336031034588813782e-02
1.321583539247512817e-01
1.233842819929122925e-01
1.278450945392251015e-03
9.512585529591888189e-05
1.175256869601071230e-07
1.147328703154926188e-06
1.177781769001740031e-06
8.776413742452859879e-04
6.117444136179983616e-04
1.184345223009586334e-02
3.694426734000444412e-03
5.337326001608744264e-05
1.113722009904449806e-05
2.369213047970220032e-09
2.890987218506779755e-07
2.331871407079688652e-08
1.272355257242452353e-05
1.574087888002395630e-03
8.056119550019502640e-04
2.341244453418767080e-06
9.501017927959765075e-08
0.000000000000000000e+00
1.661111248552060715e-10
1.797442639173141288e-09
6.804034224927590913e-09
2.019335596514792996e-07
1.855728914961218834e-04
8.741137207834981382e-06
5.857407714415785449e-08
0.000000000000000000e+00
0.000000000000000000e+00
1.164995322433526326e-09
7.796955969752161764e-09
5.580629736101627714e-09
1.917123571004708538e-09
7.269753243832610679e-09
1.274724610311750439e-07
8.999702404253184795e-04
3.201311119482852519e-05
1.819554062976180830e-09
4.381513818429993989e-09
4.867013458920155244e-09
4.537576092644712844e-09
2.624222616987026413e-09
2.211409277919074157e-09
5.425370298326015472e-03
8.303560898639261723e-04
9.135488653555512428e-06
1.528164102637674659e-05
3.568369038475793786e-06
2.125132780861349602e-08
2.823714950750400021e-08
1.430782248235118459e-08
1.298378338105976582e-03
8.756237104535102844e-03
6.762978434562683105e-02
1.355774886906147003e-02
3.847473999485373497e-04
1.382900427415734157e-05
6.636244506807997823e-06
5.345602005490945885e-08
1.058204247783578467e-06
3.381332615390419960e-03
2.350262552499771118e-02
1.426836103200912476e-01
1.356150060892105103e-01
1.365627686027437449e-04
2.701209996303077787e-05
1.676398824201896787e-07
3.319390273759381671e-08
9.783698260434903204e-06
3.449716139584779739e-03
5.010419990867376328e-03
3.329156935214996338e-01
2.527600526809692383e-01
1.592825516127049923e-03
6.022490197210572660e-06
0.000000000000000000e+00
5.536378111514750344e-08
7.355835350608685985e-06
1.033649532473646104e-04
1.035994384437799454e-03
8.675804361701011658e-03
4.348273854702711105e-03
6.246972361623193137e-07
0.000000000000000000e+00
0.000000000000000000e+00
0.000000000000000000e+00
1.764885237953706110e-09
1.318349745815794449e-06
1.000832926365546882e-04
2.917266283475328237e-05
8.110282578854821622e-08
0.000000000000000000e+00
0.000000000000000000e+00
0.000000000000000000e+00
1.184624620620411406e-09
3.705173945434125926e-09
2.575971214113792485e-09
2.789276010162211605e-08
2.449326643727545161e-07
3.732051991391927004e-04
9.222609514836221933e-05
3.018828242939974871e-10
0.000000000000000000e+00
0.000000000000000000e+00
1.029973439869991125e-09
3.539480930569993689e-09
1.324126142066006651e-09
8.277330780401825905e-04
2.018131817749235779e-05
1.600919404154410586e-06
2.301215396016687009e-08
1.305562946640748123e-08
1.363823809441555568e-08
2.171671376061112824e-08
1.568074026181420777e-08
1.842434285208582878e-03
2.682396443560719490e-03
2.774784807115793228e-03
2.669700734259095043e-05
3.796977398451417685e-05
2.478637668446026510e-07
2.817063560200949723e-08
4.499316119677132519e-08
2.752779982984066010e-05
9.939811425283551216e-04
1.932028122246265411e-02
6.623324006795883179e-02
1.772192679345607758e-02
3.819664198090322316e-05
1.172593420051271096e-05
5.899449817547974817e-08
5.103936473460635170e-07
2.760343886620830745e-05
1.765911350958049297e-03
2.737742289900779724e-02
2.319006919860839844e-01
2.286448180675506592e-01
5.659606540575623512e-05
2.312317519681528211e-06
2.997167847240689298e-09
1.195124976760553182e-08
5.133964441483840346e-05
1.089377328753471375e-03
9.917126735672354698e-04
2.055025100708007812e-01
4.834758490324020386e-02
4.514373813435668126e-06
0.000000000000000000e+00
0.000000000000000000e+00
1.073684335883839935e-10
1.866638399405928794e-08
4.294554400985362008e-07
9.385732846567407250e-05
2.487922611180692911e-04
2.668682554940460250e-06
0.000000000000000000e+00
0.000000000000000000e+00
0.000000000000000000e+00
0.000000000000000000e+00
1.870106847157160246e-10
2.089532102900193422e-09
1.925038901617881493e-07
3.447232188591442537e-07
1.523357117548584938e-03
1.963657414307817817e-04
0.000000000000000000e+00
0.000000000000000000e+00
0.000000000000000000e+00
0.000000000000000000e+00
0.000000000000000000e+00
0.000000000000000000e+00
1.673931838013231754e-04
7.262956205522641540e-05
1.067998164216987789e-05
0.000000000000000000e+00
0.000000000000000000e+00
0.000000000000000000e+00
2.026677936584064810e-09
4.202350467608084728e-09
6.082532927393913269e-04
6.132440466899424791e-05
4.502355295699089766e-05
1.918061798278358765e-06
2.756993126240558922e-06
1.029680962716383874e-08
1.614649569603443524e-08
2.350143546436811448e-08
5.634122644551098347e-04
6.651988951489329338e-04
7.359751965850591660e-03
3.856718540191650391e-03
5.343255179468542337e-05
3.094985686402651481e-06
2.909073870682732377e-08
3.740712273270219157e-08
1.360276073683053255e-04
8.892905316315591335e-05
5.339714232832193375e-03
6.397320330142974854e-02
1.117820069193840027e-01
2.325908094644546509e-02
6.066170044505270198e-06
3.515408408816256269e-08
9.105377102969214320e-06
1.113526832341449335e-05
2.003959525609388947e-05
9.085274650715291500e-04
1.931863836944103241e-02
1.210311204195022583e-01
2.112159691751003265e-02
2.521445821912493557e-06
0.000000000000000000e+00
7.338394336642295457e-10
5.213112608259962144e-09
7.058692972350399941e-06
1.142459132097428665e-05
1.359891321044415236e-04
3.477189224213361740e-03
1.714890822768211365e-04
0.000000000000000000e+00
0.000000000000000000e+00
0.000000000000000000e+00
0.000000000000000000e+00
0.000000000000000000e+00
1.027552265497888584e-09
4.743918395888613304e-07
3.517933237162651494e-06
5.068094003945589066e-03
4.940971848554909229e-04
4.881003334844535857e-08
0.000000000000000000e+00
0.000000000000000000e+00
0.000000000000000000e+00
0.000000000000000000e+00
0.000000000000000000e+00
3.143544017802923918e-05
1.316551206400617957e-04
2.641285755089484155e-05
0.000000000000000000e+00
0.000000000000000000e+00
0.000000000000000000e+00
0.000000000000000000e+00
0.000000000000000000e+00
7.130164885893464088e-05
1.075490945368073881e-04
8.181751763913780451e-05
4.554517090582521632e-06
0.000000000000000000e+00
0.000000000000000000e+00
0.000000000000000000e+00
1.318867237642962209e-09
2.769224229268729687e-04
8.952897042036056519e-05
1.075072650564834476e-04
5.836573473061434925e-05
3.137640078421100043e-06
7.636656640386263462e-09
1.942742189342538950e-09
1.137645533333397907e-08
3.351188206579536200e-04
1.147618240793235600e-04
2.038482110947370529e-03
1.392784714698791504e-02
5.808284040540456772e-03
3.417095285840332508e-05
2.183882941153569845e-07
1.394914850294526332e-08
1.227513421326875687e-04
7.397347508231177926e-05
5.884530255571007729e-04
7.334891241043806076e-03
5.213126912713050842e-02
5.788764730095863342e-02
7.026982028037309647e-03
1.670297962164113414e-07
2.907856000433639565e-08
4.412437348833009310e-08
3.354001592015265487e-07
1.035782315739197657e-05
2.319328195881098509e-04
1.013181358575820923e-02
1.823270134627819061e-02
1.507304375991225243e-03
0.000000000000000000e+00
0.000000000000000000e+00
2.306746738067744218e-10
1.055485565615299492e-08
2.021202476498729084e-07
2.154128424081136473e-06
9.610823326511308551e-06
6.592629943042993546e-04
9.430853970116004348e-05
2.438336814520880580e-04
1.691989041319175158e-06
0.000000000000000000e+00
0.000000000000000000e+00
0.000000000000000000e+00
0.000000000000000000e+00
0.000000000000000000e+00
6.313561243587173522e-06
8.204925688914954662e-05
6.486709025921300054e-05
1.440743346847739303e-08
0.000000000000000000e+00
0.000000000000000000e+00
0.000000000000000000e+00
0.000000000000000000e+00
3.593633437048993073e-06
4.500352588365785778e-05
9.437188418814912438e-05
1.490226168243680149e-05
1.250688885789941196e-09
0.000000000000000000e+00
0.000000000000000000e+00
0.000000000000000000e+00
1.177131252916296944e-05
7.063693919917568564e-05
8.030897879507392645e-05
4.771086969412863255e-05
1.321627394190727500e-07
2.800473464237285270e-10
0.000000000000000000e+00
1.486560458063834744e-10
5.638640141114592552e-05
1.226304448209702969e-04
6.634958845097571611e-05
2.472291271260473877e-05
1.165525736723793671e-05
1.117239989412155410e-07
7.676170254988790020e-10
2.628076867239315106e-09
5.359931310522370040e-05
5.409462028183043003e-05
3.836073738057166338e-04
2.304246881976723671e-03
9.174626320600509644e-03
2.287154085934162140e-03
1.021846514959179331e-06
9.928984745499747078e-09
2.065102489723358303e-05
1.622517811483703554e-05
3.594458030420355499e-05
4.327824281062930822e-04
7.064348086714744568e-03
3.128797933459281921e-02
1.104170829057693481e-02
3.552253183443099260e-04
6.305096178493840853e-08
1.385912984375181622e-08
1.168435304066406388e-07
2.174460132664535195e-05
2.750189451035112143e-04
3.856557654216885567e-03
4.049681872129440308e-02
9.641451388597488403e-02
4.689189791679382324e-02
1.704659126698970795e-02
2.338941267225891352e-04
1.269691420020535588e-04
3.360916593919682782e-07
1.551015149647838598e-10
0.000000000000000000e+00
0.000000000000000000e+00
5.151504883542656898e-04
1.640632189810276031e-02
1.369150588288903236e-03
2.878426357710850425e-06
1.974744989752252877e-08
9.892426877655680073e-10
1.886479639168214817e-09
3.325664188480459416e-10
1.017284148474573158e-06
6.914248842804227024e-06
7.033854490146040916e-04
3.803820436587557197e-05
5.109530931690642319e-08
0.000000000000000000e+00
6.197070634428314406e-10
1.578341346508693732e-10
0.000000000000000000e+00
7.953222791456937557e-08
2.049513932433910668e-05
3.365778247825801373e-04
7.022225327091291547e-05
0.000000000000000000e+00
1.551015149647838598e-10
1.548106781656954922e-10
0.000000000000000000e+00
0.000000000000000000e+00
0.000000000000000000e+00
3.236423071939498186e-05
3.417520201765000820e-04
1.661192982282955199e-06
0.000000000000000000e+00
0.000000000000000000e+00
0.000000000000000000e+00
0.000000000000000000e+00
0.000000000000000000e+00
0.000000000000000000e+00
9.898769803839968517e-07
1.119622197620628867e-06
0.000000000000000000e+00
0.000000000000000000e+00
0.000000000000000000e+00
0.000000000000000000e+00
0.000000000000000000e+00
0.000000000000000000e+00
0.000000000000000000e+00
2.843914259642588149e-08
0.000000000000000000e+00
0.000000000000000000e+00
0.000000000000000000e+00
0.000000000000000000e+00
0.000000000000000000e+00
0.000000000000000000e+00
0.000000000000000000e+00
0.000000000000000000e+00
0.000000000000000000e+00
0.000000000000000000e+00
6.765865720808506012e-03
2.827142132446169853e-03
9.145060175796970725e-05
4.130323068238794804e-04
1.273148373002186418e-04
9.338620987620060987e-10
4.654780172419492601e-10
0.000000000000000000e+00
1.485113287344574928e-03
1.631177514791488647e-01
1.288409829139709473e-01
1.180017134174704552e-03
1.013745320960879326e-03
3.052590955121559091e-06
4.618043281112704790e-09
6.575674449393886789e-10
1.259504788322374225e-04
4.050257266499102116e-04
2.293041199445724487e-01
1.380766928195953369e-02
5.809218691865680739e-06
6.305724387090094751e-09
2.082570338401978915e-09
2.437222645923498021e-09
8.911489999263721984e-07
2.890064479288412258e-06
4.948418354615569115e-04
1.223811646923422813e-03
3.159825282637029886e-04
3.793627101345009578e-08
1.551015149647838598e-10
2.183778047282203261e-09
0.000000000000000000e+00
0.000000000000000000e+00
1.878913462860509753e-04
3.770005423575639725e-05
4.517761408351361752e-04
1.691347642918117344e-05
0.000000000000000000e+00
0.000000000000000000e+00
0.000000000000000000e+00
0.000000000000000000e+00
0.000000000000000000e+00
0.000000000000000000e+00
2.298127401445526630e-05
6.097410368965938687e-05
1.552118078507191967e-08
0.000000000000000000e+00
0.000000000000000000e+00
0.000000000000000000e+00
0.000000000000000000e+00
0.000000000000000000e+00
0.000000000000000000e+00
2.706146233322215267e-06
4.647376883326614916e-08
0.000000000000000000e+00
0.000000000000000000e+00
0.000000000000000000e+00
0.000000000000000000e+00
0.000000000000000000e+00
0.000000000000000000e+00
0.000000000000000000e+00
0.000000000000000000e+00
0.000000000000000000e+00
2.231225371360778809e-04
1.374959083477733657e-05
1.295917854804429226e-06
9.548725898866905482e-08
7.036796700887748557e-10
0.000000000000000000e+00
0.000000000000000000e+00
0.000000000000000000e+00
9.685551776783540845e-05
1.358153205364942551e-02
7.288238964974880219e-03
2.521263377275317907e-04
3.187262336723506451e-04
2.201000825152732432e-05
1.528833593056333484e-08
0.000000000000000000e+00
1.248117087015998550e-06
5.563773214817047119e-03
4.742354452610015869e-01
1.888499110937118530e-01
3.946325741708278656e-04
4.589781747199594975e-05
1.359306338599708397e-06
4.157421962247553893e-09
1.041753421304747462e-06
1.055269785865675658e-05
1.519760233350098133e-03
1.108178719878196716e-01
1.893008709885179996e-03
5.814555379402008839e-07
1.099734969756127612e-08
3.676750903736092368e-09
3.818529936694403659e-09
1.262556281744764419e-07
2.434675116091966629e-04
3.128195530734956264e-04
8.729033288545906544e-04
9.879099525278434157e-05
8.320031774644576217e-09
1.721351949868221709e-09
0.000000000000000000e+00
0.000000000000000000e+00
1.111138026033131609e-08
6.153310323497862555e-07
2.160134681616909802e-05
2.594146644696593285e-05
1.680344610122119775e-07
0.000000000000000000e+00
0.000000000000000000e+00
0.000000000000000000e+00
0.000000000000000000e+00
0.000000000000000000e+00
0.000000000000000000e+00
4.319716936151962727e-06
8.165908411683631130e-07
0.000000000000000000e+00
0.000000000000000000e+00
0.000000000000000000e+00
0.000000000000000000e+00
0.000000000000000000e+00
0.000000000000000000e+00
0.000000000000000000e+00
4.704258316223786096e-09
0.000000000000000000e+00
2.493847205187194049e-05
3.627241994763608091e-06
6.647015027283487143e-08
0.000000000000000000e+00
0.000000000000000000e+00
0.000000000000000000e+00
0.000000000000000000e+00
0.000000000000000000e+00
4.421045014169067144e-05
2.980836434289813042e-04
1.346543103863950819e-05
2.378601266173063777e-06
1.662549721004324965e-06
1.581044600795777910e-10
3.088225508651731843e-10
0.000000000000000000e+00
4.916934813081752509e-06
3.727890725713223219e-04
2.527075074613094330e-02
1.589206792414188385e-02
3.374195075593888760e-04
3.923916665371507406e-05
1.055283155437791720e-05
4.111676332740898943e-08
3.980359153388235427e-09
2.562065901656751521e-06
7.871331647038459778e-03
2.459050416946411133e-01
1.526962034404277802e-02
4.325130066717974842e-05
7.360015388258034363e-06
3.570262094854115276e-07
0.000000000000000000e+00
1.243196323663653402e-09
7.970227670739404857e-06
2.687428146600723267e-03
8.293764665722846985e-03
1.660348207224160433e-04
1.458730309877864784e-07
2.024425072022495442e-08
0.000000000000000000e+00
4.038248901938601421e-10
3.242763568778173067e-08
3.657949037005892023e-06
2.908874012064188719e-05
5.990252975607290864e-05
3.442873435233195778e-07
6.585216372201330159e-09
0.000000000000000000e+00
0.000000000000000000e+00
0.000000000000000000e+00
0.000000000000000000e+00
2.838174584240960030e-09
2.644539790708222426e-06
1.027736061587347649e-06
2.319624314850443625e-08
0.000000000000000000e+00
0.000000000000000000e+00
0.000000000000000000e+00
0.000000000000000000e+00
0.000000000000000000e+00
1.177868635959811172e-10
4.027874567213984847e-08
1.969119445277556224e-08
7.035925477794080507e-07
1.242503913090331480e-07
0.000000000000000000e+00
0.000000000000000000e+00
0.000000000000000000e+00
0.000000000000000000e+00
0.000000000000000000e+00
0.000000000000000000e+00
2.853524620149983093e-06
1.487439294578507543e-05
9.155303928309876937e-07
1.796800930264907947e-09
0.000000000000000000e+00
0.000000000000000000e+00
0.000000000000000000e+00
0.000000000000000000e+00
7.371928063548693899e-07
5.313898873282596469e-05
4.065496905241161585e-04
7.755998922220896930e-06
9.196095561492256820e-06
8.131773938657715917e-07
4.256240693223389826e-09
1.096945867473664293e-09
2.757982109358181333e-08
1.358344889013096690e-05
9.047036874108016491e-04
6.373102962970733643e-02
1.226455345749855042e-02
8.580773283028975129e-05
6.387520443240646273e-06
2.304370809724787250e-06
0.000000000000000000e+00
3.111568247504692408e-08
4.798086138180224225e-06
4.876316338777542114e-02
5.073310732841491699e-01
1.067842473275959492e-03
7.124921012291451916e-06
1.384755478284205310e-06
0.000000000000000000e+00
1.335330318541494421e-10
4.023942512532130422e-09
2.538964054110692814e-06
8.000726811587810516e-04
8.029110031202435493e-04
1.425406389898853377e-05
6.726584445004846202e-08
0.000000000000000000e+00
0.000000000000000000e+00
8.912886539924613771e-10
4.684501675455976510e-09
1.695321856232112623e-07
5.352702828531619161e-06
3.924549673683941364e-06
4.521304219906596700e-08
0.000000000000000000e+00
0.000000000000000000e+00
0.000000000000000000e+00
0.000000000000000000e+00
0.000000000000000000e+00
0.000000000000000000e+00
3.110727320176920330e-08
4.923057872474601027e-08
1.009353223224707108e-08
2.549957756059484382e-08
0.000000000000000000e+00
0.000000000000000000e+00
0.000000000000000000e+00
0.000000000000000000e+00
0.000000000000000000e+00
0.000000000000000000e+00
6.869222413108388992e-10
1.110606490328791551e-06
3.528328207380582171e-08
0.000000000000000000e+00
0.000000000000000000e+00
0.000000000000000000e+00
0.000000000000000000e+00
0.000000000000000000e+00
3.242981705398051417e-08
2.611580839584348723e-06
8.205000995076261461e-06
3.680067379718821030e-07
9.585610083462370312e-10
0.000000000000000000e+00
0.000000000000000000e+00
1.656090820034705757e-10
5.004927317031615530e-08
4.485257704800460488e-06
7.510029536206275225e-05
4.575994389597326517e-04
4.322696895542321727e-06
2.569679054431617260e-06
1.839795089608742273e-07
5.315321516263793455e-09
9.736693673545460115e-10
4.524883365775167476e-07
4.242022259859368205e-05
2.605747664347290993e-03
2.483721077442169189e-01
4.699301905930042267e-03
1.512254129920620471e-05
1.872379471024032682e-06
0.000000000000000000e+00
3.040037555024355242e-09
4.448359050002181903e-07
2.885122921725269407e-05
6.181461736559867859e-02
1.425776928663253784e-01
1.276731636608019471e-04
1.919688429552479647e-06
0.000000000000000000e+00
0.000000000000000000e+00
2.670660637082988842e-10
3.896777123202355142e-09
3.596298938646214083e-07
1.014029403449967504e-04
2.457796654198318720e-04
6.908135219418909401e-07
0.000000000000000000e+00
0.000000000000000000e+00
0.000000000000000000e+00
1.063547805379982947e-09
1.998364140831654368e-09
5.201838071400288754e-09
1.913929963848204352e-06
2.642514346007374115e-06
1.026590035202445961e-09
2.798403730963627822e-09
0.000000000000000000e+00
0.000000000000000000e+00
0.000000000000000000e+00
0.000000000000000000e+00
0.000000000000000000e+00
0.000000000000000000e+00
0.000000000000000000e+00
1.634984259091254444e-09
7.263659007605838269e-09
0.000000000000000000e+00
0.000000000000000000e+00
0.000000000000000000e+00
0.000000000000000000e+00
0.000000000000000000e+00
0.000000000000000000e+00
3.677942173041515161e-09
4.023485189463826828e-08
1.961792328586398071e-08
0.000000000000000000e+00
0.000000000000000000e+00
0.000000000000000000e+00
0.000000000000000000e+00
1.033354513069184577e-09
3.661282477196436957e-08
1.760381906024122145e-06
1.903527845570351928e-06
1.004544500915471872e-07
0.000000000000000000e+00
0.000000000000000000e+00
0.000000000000000000e+00
0.000000000000000000e+00
4.616153432834835257e-07
1.649014666327275336e-05
9.138775931205600500e-05
2.722869612625800073e-05
2.067452669507474639e-06
3.276612119407218415e-07
1.076211120221159945e-08
0.000000000000000000e+00
2.060618342625275545e-08
3.380669340913300402e-06
5.052146661910228431e-05
3.699543653056025505e-03
2.639360725879669189e-02
1.514234027126803994e-04
2.189049610024085268e-06
0.000000000000000000e+00
0.000000000000000000e+00
5.480157660997519997e-09
1.204697639423102373e-07
7.101709343260154128e-06
7.618065923452377319e-03
7.113548461347818375e-03
2.588798815850168467e-05
0.000000000000000000e+00
0.000000000000000000e+00
0.000000000000000000e+00
4.022119859392603303e-10
5.707037509239398787e-09
6.556648912692253361e-08
4.765105404658243060e-05
9.621547360438853502e-05
0.000000000000000000e+00
0.000000000000000000e+00
0.000000000000000000e+00
0.000000000000000000e+00
0.000000000000000000e+00
0.000000000000000000e+00
0.000000000000000000e+00
0.000000000000000000e+00
0.000000000000000000e+00
0.000000000000000000e+00
4.466945979775260867e-10
1.538925931132695268e-10
0.000000000000000000e+00
0.000000000000000000e+00
0.000000000000000000e+00
0.000000000000000000e+00
0.000000000000000000e+00
0.000000000000000000e+00
1.595459597769632865e-10
2.892404982191010276e-09
0.000000000000000000e+00
0.000000000000000000e+00
0.000000000000000000e+00
0.000000000000000000e+00
0.000000000000000000e+00
0.000000000000000000e+00
1.148010436713420290e-10
1.499088675416260230e-08
1.189520748567929331e-08
0.000000000000000000e+00
0.000000000000000000e+00
0.000000000000000000e+00
0.000000000000000000e+00
7.034765547864196833e-10
2.161083045848499751e-08
8.536265738712245366e-08
3.251746534260746557e-07
5.442591799464935320e-08
0.000000000000000000e+00
0.000000000000000000e+00
0.000000000000000000e+00
9.683813750882563909e-09
1.619276531528157648e-06
1.445832458557561040e-05
9.999216672440525144e-06
2.612874959595501423e-05
7.576078360216342844e-07
2.143801580700710474e-08
0.000000000000000000e+00
0.000000000000000000e+00
4.054305122735968325e-07
4.765123321703867987e-06
9.487403076491318643e-06
7.734716637060046196e-04
1.691488316282629967e-03
1.869307925517205149e-05
0.000000000000000000e+00
0.000000000000000000e+00
0.000000000000000000e+00
3.267732395784150867e-08
6.515803647744178306e-07
3.086820697717485018e-06
5.320188938640058041e-04
3.971008583903312683e-03
7.433217763900756836e-01
7.939180731773376465e-02
2.267583040520548820e-04
8.191915549105033278e-05
1.081706884065170016e-07
0.000000000000000000e+00
0.000000000000000000e+00
0.000000000000000000e+00
8.005156996659934521e-05
6.487149000167846680e-02
1.709860190749168396e-02
3.240764373913407326e-03
2.370307043975117267e-07
1.120595385373235331e-07
0.000000000000000000e+00
0.000000000000000000e+00
1.009649785999044980e-08
2.990329448948614299e-06
7.979871588759124279e-05
2.120199613273143768e-03
5.460611282614991069e-05
1.467802462684630882e-06
2.456635854741762159e-07
0.000000000000000000e+00
2.209602056879589327e-09
1.747403999274865782e-08
4.660518015953130089e-08
3.039443754460080527e-07
3.711461249622516334e-05
5.335351033863844350e-06
1.671748037779252627e-07
0.000000000000000000e+00
0.000000000000000000e+00
3.473449861068900191e-10
0.000000000000000000e+00
6.760266790806213066e-10
2.583858960125695603e-10
3.272776609719585394e-07
0.000000000000000000e+00
0.000000000000000000e+00
0.000000000000000000e+00
0.000000000000000000e+00
0.000000000000000000e+00
0.000000000000000000e+00
0.000000000000000000e+00
0.000000000000000000e+00
1.891675482923460550e-09
0.000000000000000000e+00
0.000000000000000000e+00
0.000000000000000000e+00
0.000000000000000000e+00
0.000000000000000000e+00
0.000000000000000000e+00
0.000000000000000000e+00
0.000000000000000000e+00
0.000000000000000000e+00
0.000000000000000000e+00
0.000000000000000000e+00
0.000000000000000000e+00
0.000000000000000000e+00
0.000000000000000000e+00
0.000000000000000000e+00
0.000000000000000000e+00
0.000000000000000000e+00
6.845114380121231079e-02
2.906317822635173798e-02
2.245273572043515742e-05
4.598748637363314629e-05
4.977542175765847787e-06
0.000000000000000000e+00
0.000000000000000000e+00
0.000000000000000000e+00
3.768871538341045380e-03
3.171579241752624512e-01
6.554979085922241211e-02
5.462434608489274979e-03
6.976859003771096468e-05
1.731265228954725899e-07
0.000000000000000000e+00
0.000000000000000000e+00
4.833233546719384321e-08
4.085733089596033096e-04
3.711328282952308655e-02
8.804026246070861816e-02
1.220476720482110977e-02
9.395374718224047683e-07
8.988917699070952949e-08
0.000000000000000000e+00
6.566843735456018294e-10
7.350030273300944827e-08
4.673783041653223336e-05
6.743176490999758244e-04
9.528671391308307648e-03
2.039931132458150387e-04
2.134345550075522624e-06
6.576399869118176866e-08
5.183687368237599458e-10
2.030517309847823526e-09
8.127382784550718497e-07
2.122895466527552344e-06
1.192280524264788255e-05
2.044541761279106140e-04
2.803919414873234928e-05
1.829119327112493920e-07
1.721259940135055899e-10
1.755365852673662630e-10
0.000000000000000000e+00
3.159292205623387417e-08
1.030659859679872170e-07
8.276803242779351422e-09
1.687593976384960115e-05
1.433789293514564633e-06
0.000000000000000000e+00
0.000000000000000000e+00
0.000000000000000000e+00
0.000000000000000000e+00
0.000000000000000000e+00
0.000000000000000000e+00
2.060438930584496120e-09
8.927371197842148831e-08
0.000000000000000000e+00
0.000000000000000000e+00
0.000000000000000000e+00
0.000000000000000000e+00
0.000000000000000000e+00
0.000000000000000000e+00
0.000000000000000000e+00
4.703009093276477870e-09
1.042745789163745940e-04
1.382485643262043595e-04
3.306411429093714105e-07
2.646981123177738482e-08
1.063794385913752194e-08
0.000000000000000000e+00
0.000000000000000000e+00
0.000000000000000000e+00
1.396798179484903812e-04
3.155066445469856262e-02
1.051519066095352173e-02
7.631735934410244226e-05
3.652440500445663929e-05
2.014032361330464482e-06
0.000000000000000000e+00
0.000000000000000000e+00
1.704729811535798945e-06
5.682281684130430222e-03
1.511587202548980713e-01
5.012501403689384460e-02
1.460408675484359264e-03
6.435564955609152094e-06
7.138531259442970622e-07
0.000000000000000000e+00
1.544803218678225676e-08
3.982482610354054486e-08
1.167024602182209492e-03
4.807604849338531494e-02
3.931269422173500061e-02
3.592258319258689880e-03
5.521624188986606896e-07
4.662989994130839477e-08
1.655968695501996990e-10
1.026377871582440093e-09
2.330912174386412516e-08
7.579228986287489533e-05
2.528794109821319580e-03
4.582454636693000793e-02
5.635908382828347385e-05
4.854807116316806059e-07
1.721259940135055899e-10
6.693366416676838071e-10
3.650489466267003991e-09
1.893292846943950281e-07
6.457325980591122061e-06
1.845285987656097859e-05
1.207234672619961202e-04
1.300588610320119187e-05
0.000000000000000000e+00
0.000000000000000000e+00
5.266097558020987890e-10
0.000000000000000000e+00
5.174239370298039375e-10
4.044411472392539508e-09
5.410554138052248163e-08
7.394350177492015064e-06
0.000000000000000000e+00
0.000000000000000000e+00
0.000000000000000000e+00
0.000000000000000000e+00
0.000000000000000000e+00
0.000000000000000000e+00
0.000000000000000000e+00
1.543811301019104576e-08
8.053731107793282717e-06
3.779612961807288229e-05
1.595255483266555530e-08
2.145862376679019690e-09
0.000000000000000000e+00
0.000000000000000000e+00
0.000000000000000000e+00
0.000000000000000000e+00
1.100568042602390051e-04
3.485277702566236258e-04
4.047678885399363935e-05
8.772401088208425790e-06
3.937421752198133618e-06
3.139997428736052143e-10
0.000000000000000000e+00
0.000000000000000000e+00
1.838951357058249414e-05
6.316321087069809437e-04
6.033625453710556030e-02
1.300980243831872940e-02
3.274589107604697347e-05
5.117229193274397403e-06
5.056607932374390657e-08
0.000000000000000000e+00
9.489845069765578955e-06
2.028509152296464890e-05
1.683697104454040527e-02
1.413856297731399536e-01
7.953350245952606201e-02
3.636891779024153948e-04
2.015041218328406103e-06
1.199385391004170742e-08
6.695040042359323706e-07
1.803370679454019410e-07
7.499922816123216762e-08
1.350025995634496212e-03
1.028254479169845581e-01
3.291506767272949219e-01
8.818603120744228363e-03
4.222439997647597920e-08
0.000000000000000000e+00
0.000000000000000000e+00
1.180171183001732516e-09
1.763629420281631610e-08
3.963302515330724418e-05
1.692610559985041618e-03
3.811024362221360207e-03
5.748215244238963351e-06
0.000000000000000000e+00
0.000000000000000000e+00
8.360599990098194212e-10
6.800524587902145868e-10
5.338840036728242922e-09
1.619750037207268178e-06
9.902070814860053360e-06
2.236081309092696756e-05
0.000000000000000000e+00
0.000000000000000000e+00
3.442519880270111798e-10
0.000000000000000000e+00
0.000000000000000000e+00
0.000000000000000000e+00
7.019577141775812379e-10
3.666464110096967488e-08
1.520696287116152234e-06
2.057865640381351113e-05
1.024496709689515228e-09
3.045311558480534586e-09
0.000000000000000000e+00
0.000000000000000000e+00
0.000000000000000000e+00
0.000000000000000000e+00
3.672718958114273846e-05
2.056473749689757824e-05
3.883094450429780409e-06
6.285727494059756282e-08
1.717211794982631545e-08
0.000000000000000000e+00
0.000000000000000000e+00
0.000000000000000000e+00
2.051952033070847392e-04
6.710222223773598671e-04
7.605246501043438911e-04
8.516153320670127869e-05
6.436824264710594434e-07
1.665114801596701000e-08
0.000000000000000000e+00
0.000000000000000000e+00
1.934370266098994762e-05
9.247822890756651759e-05
6.902689929120242596e-04
2.856060303747653961e-02
1.442275475710630417e-02
9.043936188390944153e-06
3.526886018789809896e-07
4.595918312588764820e-09
1.592383887327741832e-05
2.277109160786494613e-05
3.969630779465660453e-05
8.956782519817352295e-03
1.025227159261703491e-01
6.172946467995643616e-02
1.345598138868808746e-03
4.337024392953026108e-07
1.241463962742272997e-07
1.091098269512258412e-07
3.903279832684347639e-08
2.362962163715565111e-07
8.922479464672505856e-04
3.940413519740104675e-02
4.163758456707000732e-02
7.219590770546346903e-05
0.000000000000000000e+00
0.000000000000000000e+00
0.000000000000000000e+00
3.442519880270111798e-10
9.834979941558685823e-09
2.664636485860683024e-05
2.193027175962924957e-03
3.239221405237913132e-04
0.000000000000000000e+00
0.000000000000000000e+00
0.000000000000000000e+00
0.000000000000000000e+00
0.000000000000000000e+00
1.167221763687109615e-09
7.928630907372280490e-07
1.312922086071921512e-05
4.387571266306622420e-07
8.462894811600563116e-07
4.812640952422952978e-09
0.000000000000000000e+00
0.000000000000000000e+00
0.000000000000000000e+00
0.000000000000000000e+00
0.000000000000000000e+00
1.495277651697435317e-10
5.496289077200344764e-07
1.249991896656865720e-06
1.338769373138148921e-10
1.292445039879908109e-10
0.000000000000000000e+00
0.000000000000000000e+00
0.000000000000000000e+00
1.932144186866935343e-05
6.758362724212929606e-05
3.620781717472709715e-05
2.173746906919404864e-06
2.966092793599273136e-08
0.000000000000000000e+00
0.000000000000000000e+00
0.000000000000000000e+00
1.578187948325648904e-04
1.584078418090939522e-04
1.726097252685576677e-04
3.051711828447878361e-04
4.708027336164377630e-05
2.096713558330520755e-07
4.815406740021899168e-09
0.000000000000000000e+00
7.903291407274082303e-05
2.094691299134865403e-04
1.381613401463255286e-04
7.285517640411853790e-04
1.920502819120883942e-02
5.267110653221607208e-03
3.862140147248283029e-06
1.181875362021855835e-07
1.175944362330483273e-06
8.483781130053102970e-06
6.766285423509543762e-06
2.136860166501719505e-05
1.025693584233522415e-02
5.949281528592109680e-02
6.660565268248319626e-03
1.024018001771764830e-05
2.055003056611326429e-09
1.425178997038756279e-08
1.602652943688553933e-08
3.848093044211964298e-08
2.451177579132490791e-06
2.197420835727825761e-04
5.204000975936651230e-03
2.227426040917634964e-03
0.000000000000000000e+00
0.000000000000000000e+00
0.000000000000000000e+00
0.000000000000000000e+00
0.000000000000000000e+00
3.175723295445465055e-10
1.622425088498857804e-06
3.331342595629394054e-04
2.803563214914817081e-10
3.502338330463317106e-08
3.972124851259195566e-09
0.000000000000000000e+00
0.000000000000000000e+00
0.000000000000000000e+00
0.000000000000000000e+00
0.000000000000000000e+00
0.000000000000000000e+00
1.831818075004321145e-08
8.866695111464650836e-08
1.251896453169365486e-08
0.000000000000000000e+00
0.000000000000000000e+00
0.000000000000000000e+00
0.000000000000000000e+00
0.000000000000000000e+00
8.585360200541458653e-10
1.088111361013943679e-07
9.423870324098970741e-07
1.084971046338978340e-07
0.000000000000000000e+00
0.000000000000000000e+00
0.000000000000000000e+00
2.762861004157457501e-05
3.351791292516281828e-06
4.345356785506737651e-07
3.288710104243364185e-06
2.990015218529151753e-06
8.492642145085937955e-10
0.000000000000000000e+00
0.000000000000000000e+00
1.476987090427428484e-04
1.948880963027477264e-04
7.314375397982075810e-05
1.257697877008467913e-04
2.904217690229415894e-04
3.067848592763766646e-05
6.013498676793460618e-08
5.289964022381354880e-10
4.688354238169267774e-06
2.974630297103431076e-05
7.498879858758300543e-05
1.944785908563062549e-04
1.702635781839489937e-03
3.361323103308677673e-02
3.536546137183904648e-03
1.086653242055035662e-06
6.336526325867453124e-08
1.587215763265703572e-07
6.208724130374321248e-07
1.945535814229515381e-06
4.549703226075507700e-05
3.318707644939422607e-02
9.244164824485778809e-02
1.614755368791520596e-03
0.000000000000000000e+00
0.000000000000000000e+00
8.248373650765472576e-10
4.143505261122726324e-10
2.231195006530128921e-09
3.150745442326297052e-08
7.187038136180490255e-05
2.556844148784875870e-03
0.000000000000000000e+00
0.000000000000000000e+00
3.874220666499894605e-10
0.000000000000000000e+00
0.000000000000000000e+00
0.000000000000000000e+00
0.000000000000000000e+00
0.000000000000000000e+00
0.000000000000000000e+00
1.388385795220159480e-10
1.641849856071075919e-08
1.199759580572390405e-08
0.000000000000000000e+00
0.000000000000000000e+00
0.000000000000000000e+00
0.000000000000000000e+00
0.000000000000000000e+00
0.000000000000000000e+00
5.003284897497906059e-09
9.846437620808501379e-08
6.852103950905075180e-08
0.000000000000000000e+00
0.000000000000000000e+00
0.000000000000000000e+00
0.000000000000000000e+00
0.000000000000000000e+00
8.223804415230517861e-10
5.519606460779868939e-08
5.830121381222852506e-07
9.350459073687034106e-09
0.000000000000000000e+00
0.000000000000000000e+00
8.466241752103087492e-08
3.737621909749577753e-06
8.741371289033850189e-07
4.735768044383803499e-08
2.530169695091899484e-06
1.783827656254288740e-06
4.090436878101399998e-09
0.000000000000000000e+00
1.267708427121760906e-07
8.768100087763741612e-06
6.081027822801843286e-05
1.152962213382124901e-04
2.074171497952193022e-04
1.927543053170666099e-04
5.616489033855032176e-06
2.526989284490355203e-08
1.079622080624176306e-07
2.217577304008955252e-07
7.318646567000541836e-06
8.508576138410717249e-05
2.109968772856518626e-04
1.620559394359588623e-02
4.361140355467796326e-02
1.900435891002416611e-03
0.000000000000000000e+00
0.000000000000000000e+00
1.250261227880855586e-09
3.814939191215671599e-07
5.157503892405657098e-06
7.658974209334701300e-05
2.764529362320899963e-02
3.563594818115234375e-02
7.018969058990478516e-01
4.223167896270751953e-02
1.368791345157660544e-05
2.566093598943552934e-06
1.234965907315199729e-06
7.698029236280490295e-08
0.000000000000000000e+00
0.000000000000000000e+00
3.957232911488972604e-05
4.668823629617691040e-02
1.082323584705591202e-02
1.160121391876600683e-04
1.541815008998526082e-10
0.000000000000000000e+00
0.000000000000000000e+00
0.000000000000000000e+00
1.821777312338568322e-10
3.710217200136867177e-08
2.210412640124559402e-04
1.302918681176379323e-04
9.295327885183723993e-08
0.000000000000000000e+00
0.000000000000000000e+00
0.000000000000000000e+00
0.000000000000000000e+00
5.157053672988354265e-10
4.117696406069626391e-09
6.348924443955183960e-07
7.722850909885892179e-07
5.026087634973919194e-08
0.000000000000000000e+00
0.000000000000000000e+00
0.000000000000000000e+00
0.000000000000000000e+00
0.000000000000000000e+00
1.307562280672414090e-09
3.106306678546388866e-07
3.824735870239237556e-07
2.818475053345537162e-08
0.000000000000000000e+00
0.000000000000000000e+00
0.000000000000000000e+00
0.000000000000000000e+00
0.000000000000000000e+00
0.000000000000000000e+00
9.550154089765783283e-08
9.332619299584621331e-08
1.006066674413830242e-09
0.000000000000000000e+00
0.000000000000000000e+00
0.000000000000000000e+00
0.000000000000000000e+00
0.000000000000000000e+00
0.000000000000000000e+00
5.803868052822735990e-09
1.231530166734273735e-08
0.000000000000000000e+00
0.000000000000000000e+00
0.000000000000000000e+00
0.000000000000000000e+00
0.000000000000000000e+00
0.000000000000000000e+00
0.000000000000000000e+00
2.180418900987746156e-10
1.766290515661239624e-02
1.787669956684112549e-02
1.931142993271350861e-03
2.442044205963611603e-06
1.290953719035314862e-06
4.471159797958534909e-07
4.105834283674170138e-10
0.000000000000000000e+00
5.914648645557463169e-04
2.260277569293975830e-01
1.413854956626892090e-01
9.159013861790299416e-04
2.633596807299909415e-07
2.159772272136706306e-08
0.000000000000000000e+00
0.000000000000000000e+00
1.770334165485110134e-05
2.734725712798535824e-04
9.277618676424026489e-02
5.784736201167106628e-02
2.207698998972773552e-03
3.613975536609359551e-07
0.000000000000000000e+00
0.000000000000000000e+00
1.537776341820062953e-07
7.303322036023018882e-07
1.637134090515246498e-07
9.167315438389778137e-04
1.529962290078401566e-03
3.962497885368065909e-06
1.506702956843852803e-10
0.000000000000000000e+00
0.000000000000000000e+00
0.000000000000000000e+00
0.000000000000000000e+00
6.967292847548378631e-06
6.186488462844863534e-05
1.720113573355774861e-06
1.814176613379459013e-07
0.000000000000000000e+00
0.000000000000000000e+00
0.000000000000000000e+00
0.000000000000000000e+00
0.000000000000000000e+00
2.237966034712712826e-09
8.397524311476445291e-07
4.639442181542108301e-07
3.795863889877182373e-08
0.000000000000000000e+00
0.000000000000000000e+00
0.000000000000000000e+00
0.000000000000000000e+00
0.000000000000000000e+00
2.035585588977539828e-10
3.372742440888032434e-08
9.537640721646312159e-08
0.000000000000000000e+00
0.000000000000000000e+00
0.000000000000000000e+00
0.000000000000000000e+00
0.000000000000000000e+00
0.000000000000000000e+00
4.344785364818193329e-10
4.416966237208441726e-10
2.373666036874055862e-03
3.619183262344449759e-04
2.880539279431104660e-03
3.762693040698650293e-06
3.124905560980550945e-06
7.331533424803637899e-07
2.927535014407567360e-08
0.000000000000000000e+00
1.391837955452501774e-03
6.915979553014039993e-03
8.987599052488803864e-03
5.325063466443680227e-05
1.032915179166593589e-06
3.932949255158746382e-08
1.837730079223831581e-09
0.000000000000000000e+00
2.441915967210661620e-05
4.840624984353780746e-03
1.166092157363891602e-01
1.196069270372390747e-01
3.490400267764925957e-03
4.036488689962425269e-07
0.000000000000000000e+00
0.000000000000000000e+00
1.229082840836781543e-06
1.987305004149675369e-03
1.186682027764618397e-03
1.400003582239151001e-01
7.403503358364105225e-02
2.444340847432613373e-03
2.440442736784120825e-09
0.000000000000000000e+00
8.193724809757441108e-09
4.395095842824048304e-08
1.091808712772035506e-06
5.633985438180388883e-06
8.448435692116618156e-04
6.145577644929289818e-04
2.261457296981461695e-07
2.554572331447957367e-09
0.000000000000000000e+00
0.000000000000000000e+00
0.000000000000000000e+00
0.000000000000000000e+00
1.019688298242726887e-07
3.854067927022697404e-06
2.318754042107684654e-07
4.127713282287004404e-08
0.000000000000000000e+00
0.000000000000000000e+00
0.000000000000000000e+00
0.000000000000000000e+00
0.000000000000000000e+00
0.000000000000000000e+00
1.491608614401229715e-08
3.326192299368813110e-08
0.000000000000000000e+00
0.000000000000000000e+00
0.000000000000000000e+00
0.000000000000000000e+00
0.000000000000000000e+00
0.000000000000000000e+00
0.000000000000000000e+00
5.145281423146741417e-10
1.315208501182496548e-03
1.521837202744791284e-05
1.954173058038577437e-05
4.158784577157348394e-06
3.329889523229212500e-06
1.010065489026601426e-06
7.667863854976531002e-08
0.000000000000000000e+00
3.932122606784105301e-03
1.620827009901404381e-03
1.530121953692287207e-04
2.463698619976639748e-04
2.659668098203837872e-06
5.588943281509273220e-07
3.451863790360221174e-07
0.000000000000000000e+00
1.339215086773037910e-04
6.225117482244968414e-03
1.262338832020759583e-02
1.023288723081350327e-02
1.985685594263486564e-05
3.156439447593584191e-07
1.965372931067577156e-08
0.000000000000000000e+00
2.966492502309847623e-06
7.207254529930651188e-04
6.477699149399995804e-03
1.766185611486434937e-01
2.109128534793853760e-01
1.406494528055191040e-03
1.626780843366759655e-08
0.000000000000000000e+00
7.993802597638932639e-08
1.573863664816599339e-05
7.724692113697528839e-04
2.313159784534946084e-04
1.414823979139328003e-01
7.760890759527683258e-03
1.015324687614338472e-05
2.677103649872947244e-09
0.000000000000000000e+00
5.120574630979035646e-09
6.832617138741170493e-09
3.957507210827770905e-09
2.999452135554747656e-06
1.273052330361679196e-04
4.717116098618134856e-06
4.440277479034193675e-08
0.000000000000000000e+00
0.000000000000000000e+00
0.000000000000000000e+00
0.000000000000000000e+00
0.000000000000000000e+00
2.024626716279342986e-10
1.157510354232726968e-08
9.843966530809211690e-09
0.000000000000000000e+00
0.000000000000000000e+00
0.000000000000000000e+00
0.000000000000000000e+00
0.000000000000000000e+00
0.000000000000000000e+00
0.000000000000000000e+00
0.000000000000000000e+00
2.147210179828107357e-04
4.202438958600396290e-06
2.620460008984082378e-06
2.202736595791066065e-06
1.873235532912076451e-06
6.668797709608043078e-07
1.843537944523632177e-08
0.000000000000000000e+00
8.234107866883277893e-03
4.062308580614626408e-04
2.340565879421774298e-05
1.065150718204677105e-05
3.103335757259628735e-06
9.424588824913371354e-07
1.857802089944016188e-07
1.236946101101921158e-09
8.897904190234839916e-04
5.623818840831518173e-03
3.199227387085556984e-03
1.233639050042256713e-04
7.499417279177578166e-06
1.167509935839916579e-06
2.855709055893385084e-07
8.413053365075029433e-09
6.209156708791851997e-06
4.089093126822263002e-04
8.941144682466983795e-03
2.650697529315948486e-02
3.050892986357212067e-02
3.310269903522566892e-06
5.357411936302014510e-08
4.883287552104320639e-09
7.748740813440235797e-07
2.590464828244876117e-05
7.037685136310756207e-04
4.719219636172056198e-03
2.218032330274581909e-01
9.445614367723464966e-02
3.450611256994307041e-05
1.506126778849647962e-09
1.713892672228212177e-08
2.662737053071850823e-08
4.551839936084434157e-07
5.473740384331904352e-05
3.660493530333042145e-05
3.178402781486511230e-02
3.138851374387741089e-03
3.128374004290890298e-08
0.000000000000000000e+00
0.000000000000000000e+00
0.000000000000000000e+00
0.000000000000000000e+00
9.620053642578341169e-10
1.993319642679125536e-07
1.527906861156225204e-04
2.383921810178435408e-06
0.000000000000000000e+00
0.000000000000000000e+00
0.000000000000000000e+00
0.000000000000000000e+00
0.000000000000000000e+00
3.651981606012100201e-09
2.230802875757831316e-09
2.517452468708825108e-09
1.139185224019456655e-05
1.528494408375991043e-06
5.168914753994613420e-07
4.241731517140578944e-07
4.003823406151241215e-08
9.695370550844017998e-08
6.130830287887079066e-10
0.000000000000000000e+00
6.802441086620092392e-03
1.007364131510257721e-03
5.665628577844472602e-06
1.737339744067867287e-06
8.372678621526574716e-07
5.495458594850788359e-07
7.326262618789769476e-08
7.781669530970702908e-09
4.753053653985261917e-03
1.718188170343637466e-03
1.523551909485831857e-04
2.183941796829458326e-05
6.565913281519897282e-06
3.155000513288541697e-06
4.599473584221414058e-07
5.318320717151436838e-08
2.816572960000485182e-04
1.755226054228842258e-03
1.550210360437631607e-02
2.813407685607671738e-03
4.818902016268111765e-05
4.101084869034821168e-06
8.194418796847457998e-07
1.093927295414687251e-07
6.857775588287040591e-06
2.393302384007256478e-05
2.015849109739065170e-03
9.312757290899753571e-03
2.599607966840267181e-02
2.631170302629470825e-02
1.396031848344136961e-06
2.049340075416239415e-08
3.860147614886955125e-07
1.872927896329201758e-06
3.046176743737305515e-06
1.864395453594624996e-04
1.763605861924588680e-03
8.257646113634109497e-02
4.174182936549186707e-02
1.316601725420696312e-07
1.298209362232682906e-08
3.158938710612346767e-08
1.018674034014566132e-08
3.033899176330123737e-08
6.364210094034206122e-06
3.379547342774458230e-05
1.796774007380008698e-02
2.329186536371707916e-03
0.000000000000000000e+00
0.000000000000000000e+00
0.000000000000000000e+00
0.000000000000000000e+00
0.000000000000000000e+00
4.461045755022041703e-09
1.110474379117931676e-08
1.140921958722174168e-04
7.677633107050496619e-08
1.278391152936819708e-07
5.122533366375137120e-06
3.832370111922500655e-06
0.000000000000000000e+00
0.000000000000000000e+00
0.000000000000000000e+00
0.000000000000000000e+00
4.013234865851700306e-04
1.098366221413016319e-03
7.504853329010074958e-06
2.163380713682272471e-06
2.981549585001630476e-07
6.149865061644277375e-10
1.028896412513802261e-09
2.040002611281011013e-10
3.318450180813670158e-03
3.342320444062352180e-03
3.878032293869182467e-05
4.366242137621156871e-06
1.103390900425438304e-06
5.303548960000625812e-07
1.086588454768389056e-07
5.021115612180437893e-08
1.731009571813046932e-03
2.774426247924566269e-03
1.466022338718175888e-03
2.200548187829554081e-04
1.714046629786025733e-05
4.512096893449779600e-06
2.162039663744508289e-06
4.407365281622332986e-07
3.586556122172623873e-04
3.313633787911385298e-04
1.080738753080368042e-02
3.594264015555381775e-02
1.538501004688441753e-03
2.671865331649314612e-05
4.208467998978449032e-06
1.108474862121511251e-06
3.907170321326702833e-05
4.900809653918258846e-05
1.029888662742450833e-04
1.150586828589439392e-02
1.448782347142696381e-02
1.252035424113273621e-02
8.163454011082649231e-03
6.000920507176488172e-07
9.655448138801148161e-07
1.330560280621284619e-06
2.837204874595045112e-06
3.437068698985967785e-06
7.039184129098430276e-05
3.653907042462378740e-04
3.247528523206710815e-02
2.740034647285938263e-02
8.430399844883140759e-08
1.174305985784940276e-08
5.186783624822055572e-08
7.040664495860937677e-09
8.000656803730521460e-10
9.679536816520339926e-08
6.802609732403652743e-06
1.895511895418167114e-02
1.026137308457464314e-08
2.692739187182269234e-08
2.003127690386463655e-07
2.666445288923569024e-05
4.014094057147588046e-10
0.000000000000000000e+00
0.000000000000000000e+00
0.000000000000000000e+00
0.000000000000000000e+00
4.031981859498046106e-08
8.044223704928299412e-07
5.138209871802246198e-06
5.318984221958089620e-07
0.000000000000000000e+00
0.000000000000000000e+00
0.000000000000000000e+00
1.692580156031908700e-07
1.068084020516835153e-04
3.435673306739772670e-06
3.947236109524965286e-06
2.282356717842048965e-06
2.643237735355796758e-07
0.000000000000000000e+00
1.033447549758648165e-09
1.917961199069395661e-04
3.846731502562761307e-03
1.058813650161027908e-04
1.465925288357539102e-05
5.722421519749332219e-06
1.960861709449090995e-06
3.071017147249222035e-07
9.814915102879240294e-08
9.495604317635297775e-04
9.584270417690277100e-03
9.968869853764772415e-04
4.438475705683231354e-03
1.201010963995940983e-04
6.555307663802523166e-06
3.560947106961975805e-06
3.642076080723199993e-06
1.036209519952535629e-03
3.787496127188205719e-03
4.193395434413105249e-04
4.686844721436500549e-02
8.232200145721435547e-02
1.193044125102460384e-03
1.252864058187697083e-05
1.741109599606716074e-06
1.407689647749066353e-03
2.066137269139289856e-03
5.740034976042807102e-04
6.747033912688493729e-04
9.840240702033042908e-03
1.433290541172027588e-02
1.832145731896162033e-03
3.959588240832090378e-03
3.270637535024434328e-04
1.940379443112760782e-04
1.386085205012932420e-04
1.147971852333284914e-04
1.366948417853564024e-04
1.249287393875420094e-03
4.476273432374000549e-03
1.523644924163818359e-01
3.874867260456085205e-01
3.397937864065170288e-02
1.834825088735669851e-04
2.794083002299885266e-06
0.000000000000000000e+00
0.000000000000000000e+00
0.000000000000000000e+00
0.000000000000000000e+00
2.734335976128932089e-05
2.746749296784400940e-02
4.017666913568973541e-03
1.257572555914521217e-03
0.000000000000000000e+00
0.000000000000000000e+00
0.000000000000000000e+00
0.000000000000000000e+00
2.721773171288077720e-07
5.593439027506974526e-07
5.950676859356462955e-05
1.308149658143520355e-03
1.455607616662746295e-07
0.000000000000000000e+00
0.000000000000000000e+00
0.000000000000000000e+00
0.000000000000000000e+00
5.347452258774865186e-09
1.711797921188917826e-07
8.378065103897824883e-07
9.412037798028904945e-07
0.000000000000000000e+00
0.000000000000000000e+00
0.000000000000000000e+00
0.000000000000000000e+00
0.000000000000000000e+00
0.000000000000000000e+00
4.165463352023834886e-08
9.078258500494484906e-08
0.000000000000000000e+00
0.000000000000000000e+00
0.000000000000000000e+00
0.000000000000000000e+00
0.000000000000000000e+00
0.000000000000000000e+00
0.000000000000000000e+00
3.118553948411317833e-08
1.360533108396566604e-08
0.000000000000000000e+00
0.000000000000000000e+00
0.000000000000000000e+00
0.000000000000000000e+00
0.000000000000000000e+00
0.000000000000000000e+00
0.000000000000000000e+00
0.000000000000000000e+00
0.000000000000000000e+00
0.000000000000000000e+00
0.000000000000000000e+00
0.000000000000000000e+00
0.000000000000000000e+00
0.000000000000000000e+00
0.000000000000000000e+00
0.000000000000000000e+00
0.000000000000000000e+00
0.000000000000000000e+00
6.339854001998901367e-02
4.672459512948989868e-02
7.378149311989545822e-04
1.446796813979744911e-04
6.523374850075924769e-06
0.000000000000000000e+00
0.000000000000000000e+00
0.000000000000000000e+00
7.712030783295631409e-03
4.441717565059661865e-01
1.015417054295539856e-01
2.724728779867291451e-03
5.839021469000726938e-05
0.000000000000000000e+00
0.000000000000000000e+00
0.000000000000000000e+00
3.010677464772015810e-04
2.770052233245223761e-04
8.592297136783599854e-02
1.416044030338525772e-02
5.715692532248795033e-04
0.000000000000000000e+00
0.000000000000000000e+00
0.000000000000000000e+00
1.188011182762238604e-07
1.753049758690394810e-07
1.329267797700595111e-05
1.224712119437754154e-03
8.405321277678012848e-04
7.264978307830460835e-08
0.000000000000000000e+00
0.000000000000000000e+00
0.000000000000000000e+00
0.000000000000000000e+00
0.000000000000000000e+00
1.051312096933543216e-06
6.213429969648132101e-06
1.223383527815258276e-08
0.000000000000000000e+00
0.000000000000000000e+00
0.000000000000000000e+00
0.000000000000000000e+00
0.000000000000000000e+00
0.000000000000000000e+00
1.605978923180373386e-06
1.642703182369587012e-06
1.955131807562793256e-07
0.000000000000000000e+00
0.000000000000000000e+00
0.000000000000000000e+00
0.000000000000000000e+00
0.000000000000000000e+00
0.000000000000000000e+00
6.133056444923568051e-07
1.542117615827010013e-06
0.000000000000000000e+00
0.000000000000000000e+00
0.000000000000000000e+00
0.000000000000000000e+00
0.000000000000000000e+00
0.000000000000000000e+00
0.000000000000000000e+00
1.310125071540824138e-06
8.457526519123348407e-07
8.024532347917556763e-03
7.278895936906337738e-03
4.541671369224786758e-04
2.104593877447769046e-04
3.604586481742444448e-06
0.000000000000000000e+00
0.000000000000000000e+00
0.000000000000000000e+00
3.032881999388337135e-03
2.360422015190124512e-01
3.352892398834228516e-02
1.188810914754867554e-03
5.481402040459215641e-04
4.766088022734038532e-05
0.000000000000000000e+00
0.000000000000000000e+00
1.367915274386177771e-06
2.146199531853199005e-02
4.015368223190307617e-01
8.764884620904922485e-02
6.125133950263261795e-04
3.901614036294631660e-05
1.642906255483467248e-08
0.000000000000000000e+00
2.222119292127899826e-06
1.530722329334821552e-05
3.381277201697230339e-04
1.109493300318717957e-01
1.792956888675689697e-02
3.928889520466327667e-03
0.000000000000000000e+00
0.000000000000000000e+00
1.657599568716250360e-06
4.369718809016376326e-08
1.807528065000951756e-07
5.429052180261351168e-06
1.244806451722979546e-03
6.804378703236579895e-03
4.260774585418403149e-05
0.000000000000000000e+00
3.646609414431623009e-08
0.000000000000000000e+00
0.000000000000000000e+00
0.000000000000000000e+00
2.503072892068303190e-06
8.019082997634541243e-06
1.009437937682378106e-06
0.000000000000000000e+00
0.000000000000000000e+00
0.000000000000000000e+00
0.000000000000000000e+00
0.000000000000000000e+00
0.000000000000000000e+00
2.494711907274904661e-06
9.340853466710541397e-06
0.000000000000000000e+00
0.000000000000000000e+00
0.000000000000000000e+00
0.000000000000000000e+00
0.000000000000000000e+00
0.000000000000000000e+00
0.000000000000000000e+00
2.799193453029147349e-06
3.129355036435299553e-06
9.873047238215804100e-04
2.655294258147478104e-03
9.157930617220699787e-05
2.827885691658593714e-05
5.715211841561540496e-07
5.669863512025585806e-08
0.000000000000000000e+00
0.000000000000000000e+00
1.271204790100455284e-03
3.712798655033111572e-02
5.898752249777317047e-03
7.962444797158241272e-04
2.522066642995923758e-04
2.853777368727605790e-05
0.000000000000000000e+00
0.000000000000000000e+00
1.481827075622277334e-05
6.973234005272388458e-03
6.595990806818008423e-02
2.186968363821506500e-02
5.319893243722617626e-04
1.572524779476225376e-04
6.874206519569270313e-07
0.000000000000000000e+00
7.028089612504118122e-07
1.660710950091015548e-05
6.197436712682247162e-03
2.184040546417236328e-01
1.502348035573959351e-01
8.467486477456986904e-04
4.176760626251052599e-07
0.000000000000000000e+00
3.826487045444082469e-06
6.689356723654782400e-06
1.688998236204497516e-05
1.800878380890935659e-04
9.249545633792877197e-02
1.649306528270244598e-02
2.004094887524843216e-03
0.000000000000000000e+00
1.932765144374570809e-06
6.087488486627989914e-07
5.786087342585233273e-08
5.438426597947909613e-09
5.228012923907954246e-06
4.889087358606047928e-05
1.402920577675104141e-03
0.000000000000000000e+00
7.435785676079831319e-08
0.000000000000000000e+00
0.000000000000000000e+00
0.000000000000000000e+00
0.000000000000000000e+00
3.308818349978537299e-06
2.126411891367752105e-05
5.610530706690042280e-07
0.000000000000000000e+00
0.000000000000000000e+00
0.000000000000000000e+00
0.000000000000000000e+00
0.000000000000000000e+00
0.000000000000000000e+00
3.235235226384247653e-06
5.609489562630187720e-06
3.008601379406172782e-05
6.399585981853306293e-05
3.647294215625151992e-05
4.298844032746274024e-06
9.050766891505190870e-08
4.643513573654445281e-09
0.000000000000000000e+00
0.000000000000000000e+00
2.733517030719667673e-04
1.114396261982619762e-03
3.508277295622974634e-04
1.942065428011119366e-04
3.661403752630576491e-05
1.310231482420931570e-06
4.728424318756196953e-09
0.000000000000000000e+00
5.653778862324543297e-05
3.920264542102813721e-03
1.005185581743717194e-02
1.961563713848590851e-03
5.028648884035646915e-04
6.868442869745194912e-05
1.865030412773194257e-06
0.000000000000000000e+00
2.574294285295763984e-06
1.591130421729758382e-04
9.553766809403896332e-03
5.453801155090332031e-02
3.208405524492263794e-02
1.567000144859775901e-04
6.395358923327876255e-06
0.000000000000000000e+00
1.184581378765869886e-06
4.153397185291396454e-06
3.937172004953026772e-05
5.664490163326263428e-03
2.518380284309387207e-01
3.613150119781494141e-02
1.839954929891973734e-04
2.757096551064819323e-09
4.135022209084127098e-06
6.820338967372663319e-06
9.221526852343231440e-06
2.324087108718231320e-05
8.025251008803024888e-05
2.389555051922798157e-02
8.353324374184012413e-04
6.611815983603719360e-09
2.089594772769487463e-06
1.366242372569104191e-06
6.467654429798130877e-07
3.047025742830555828e-08
1.303247998407641717e-08
3.213291847714572214e-06
4.054966484545730054e-05
3.520772679621586576e-06
1.431686484920646762e-07
1.410766703457966287e-08
0.000000000000000000e+00
0.000000000000000000e+00
0.000000000000000000e+00
0.000000000000000000e+00
2.492905878170859069e-06
9.340219548903405666e-06
9.553637937642633915e-06
3.329139872221276164e-05
8.272221748484298587e-06
8.031299216781917494e-07
0.000000000000000000e+00
0.000000000000000000e+00
0.000000000000000000e+00
0.000000000000000000e+00
1.203607371280668303e-05
8.454223279841244221e-05
7.306239422177895904e-05
3.183937224093824625e-05
3.587544370020623319e-06
5.414722181740216911e-07
0.000000000000000000e+00
0.000000000000000000e+00
1.236437128682155162e-05
7.082008523866534233e-04
1.424360554665327072e-03
5.390045698732137680e-04
1.741329033393412828e-04
1.981426794372964650e-05
1.542826908007555176e-06
2.602854376476670950e-09
6.193171884660841897e-06
8.373403397854417562e-05
1.486210036091506481e-03
3.215251490473747253e-03
1.211013062857091427e-03
1.806253421818837523e-04
1.103415524994488806e-05
1.553358828232376254e-07
5.171726570551982149e-06
1.305462683376390487e-05
5.066524317953735590e-05
1.720048487186431885e-03
5.603752285242080688e-02
1.326158083975315094e-02
2.181950185331515968e-05
2.940375907201087102e-07
9.970907512979465537e-07
1.994630110857542604e-06
4.038636234326986596e-06
4.152267501922324300e-05
6.900578271597623825e-03
1.962720155715942383e-01
9.977310150861740112e-02
6.397937113433727063e-07
1.628538484510499984e-06
3.059832351937075146e-06
7.157900654419790953e-06
8.368555427296087146e-06
4.386535238154465333e-06
6.585797382285818458e-05
4.396604001522064209e-02
1.361544855171814561e-05
2.054929609585087746e-06
2.653057663337676786e-06
2.055192226180224679e-06
5.554333597501681652e-07
2.376473595688821661e-08
2.499763507302077414e-09
4.352809355623321608e-06
2.501957715139724314e-05
3.720579343280405737e-06
1.107449406845262274e-05
1.639903757677529939e-06
2.730781156756734163e-09
0.000000000000000000e+00
0.000000000000000000e+00
0.000000000000000000e+00
0.000000000000000000e+00
3.013930836459621787e-06
1.902271105791442096e-05
8.664537745062261820e-06
2.405813575023785233e-06
1.840006405018357327e-07
5.433825833733862964e-09
0.000000000000000000e+00
0.000000000000000000e+00
1.502508439443772659e-06
3.895928966812789440e-05
1.415399747202172875e-04
8.719992183614522219e-05
1.866599632194265723e-05
1.386375288348062895e-06
5.508101352802441397e-08
0.000000000000000000e+00
5.598017764896212611e-07
2.851367935363668948e-05
1.639076624996960163e-03
1.527306158095598221e-03
5.769605631940066814e-04
7.276784890564158559e-05
3.033086841242038645e-06
7.285204883800133757e-09
8.235961672653502319e-07
1.730630538077093661e-05
3.607055405154824257e-04
1.469677081331610680e-03
2.198104979470372200e-03
4.863727954216301441e-04
3.970112084061838686e-05
8.122800636556348763e-07
2.720059910643612966e-06
6.963515261304564774e-06
1.773000258253887296e-05
1.250440254807472229e-04
7.572163012810051441e-04
1.136766187846660614e-02
9.121323004364967346e-03
3.705154995259363204e-06
2.053159704473728198e-07
8.296177611555322073e-07
1.004511659630225040e-06
4.147163053858093917e-06
2.677934935491066426e-05
5.738285835832357407e-04
2.014902979135513306e-01
3.358503058552742004e-02
3.302249297121306881e-06
1.222776518261525780e-05
1.261427041754359379e-05
9.598197721061296761e-06
5.586810857494128868e-06
1.684016524450271390e-06
7.794499833835288882e-05
5.142388865351676941e-03
3.037639544345438480e-07
1.932873146870406345e-06
3.757816102734068409e-08
0.000000000000000000e+00
0.000000000000000000e+00
0.000000000000000000e+00
0.000000000000000000e+00
0.000000000000000000e+00
1.228875845526999910e-07
5.364102889870991930e-06
2.368888999626506120e-06
7.313896333016600693e-08
0.000000000000000000e+00
0.000000000000000000e+00
0.000000000000000000e+00
0.000000000000000000e+00
1.701040446278057061e-07
1.007853279588744044e-05
1.337928642897168174e-05
2.793747398754931055e-06
3.703978563862619922e-07
2.637110299019695958e-07
8.182839295045596373e-09
0.000000000000000000e+00
2.070552440613937506e-08
3.783740567087079398e-06
1.063383751898072660e-04
1.420068583684042096e-04
5.443698319140821695e-05
5.391766535467468202e-06
2.517010102565109264e-07
0.000000000000000000e+00
0.000000000000000000e+00
1.458597353121149354e-06
5.518257967196404934e-04
2.659857505932450294e-03
1.531181507743895054e-03
2.673123672138899565e-04
1.929679274326190352e-05
3.674631159356067656e-07
2.120395379279216286e-07
3.882345026795519516e-06
5.453311314340680838e-05
1.894628047011792660e-03
3.605414414778351784e-03
2.917342586442828178e-03
2.719592011999338865e-04
1.261221314052818343e-05
2.212854788297136110e-08
1.146664317275281064e-06
3.596868282329523936e-06
6.343620043480768800e-05
1.207607449032366276e-03
2.475807676091790199e-03
8.107078261673450470e-03
1.602817326784133911e-03
7.436178748321253806e-07
1.853150934039149433e-05
2.483809657860547304e-05
1.925517972267698497e-05
4.366986104287207127e-05
8.598036365583539009e-04
2.622141735628247261e-03
4.070149734616279602e-02
