4.455125425010919571e-03
2.882326079998165369e-04
5.498547689057886600e-04
2.074903110042214394e-03
1.197019009850919247e-03
4.064782056957483292e-03
5.272122099995613098e-03
8.193709887564182281e-03
1.230807043612003326e-02
1.401833165436983109e-02
1.718235202133655548e-02
1.154186204075813293e-02
2.102308720350265503e-02
2.218066900968551636e-02
2.933591976761817932e-02
3.208753094077110291e-02
3.250064700841903687e-02
3.562280535697937012e-02
3.760879114270210266e-02
3.842469304800033569e-02
5.219962075352668762e-02
6.426017731428146362e-02
8.626347035169601440e-02
1.016563549637794495e-01
1.196794807910919189e-01
1.277539879083633423e-01
1.389990448951721191e-01
1.602983921766281128e-01
1.707402467727661133e-01
2.087723612785339355e-01
2.092873752117156982e-01
2.589179873466491699e-01
2.518249750137329102e-01
2.734081149101257324e-01
2.964421808719635010e-01
3.082709312438964844e-01
3.615171313285827637e-01
3.962143361568450928e-01
4.535818099975585938e-01
4.472779929637908936e-01
4.657786488533020020e-01
5.114620923995971680e-01
4.969702661037445068e-01
5.255934596061706543e-01
5.094975829124450684e-01
4.950667917728424072e-01
5.034706592559814453e-01
4.600318968296051025e-01
5.090955495834350586e-01
4.606280326843261719e-01
4.746044576168060303e-01
4.735126793384552002e-01
4.865761101245880127e-01
4.608502686023712158e-01
4.652862250804901123e-01
4.403059780597686768e-01
4.573456346988677979e-01
4.221267998218536377e-01
4.596414268016815186e-01
4.312280714511871338e-01
4.372253417968750000e-01
4.095712900161743164e-01
4.328998923301696777e-01
4.117134809494018555e-01
4.386006295680999756e-01
4.301539063453674316e-01
4.326385855674743652e-01
4.127602279186248779e-01
4.004760980606079102e-01
3.908126354217529297e-01
4.034701287746429443e-01
4.023532867431640625e-01
4.402989149093627930e-01
4.072301983833312988e-01
4.349493086338043213e-01
3.575225472450256348e-01
4.148700833320617676e-01
3.730967044830322266e-01
4.179889857769012451e-01
3.907519876956939697e-01
4.081860184669494629e-01
3.527428209781646729e-01
4.026915431022644043e-01
3.335974812507629395e-01
3.897210359573364258e-01
3.885815143585205078e-01
4.157377481460571289e-01
4.053413569927215576e-01
3.807389140129089355e-01
3.784342706203460693e-01
3.286774456501007080e-01
3.842840194702148438e-01
3.281345069408416748e-01
3.605910837650299072e-01
3.077851831912994385e-01
3.326976299285888672e-01
3.064669370651245117e-01
3.088183701038360596e-01
3.166493773460388184e-01
2.935349345207214355e-01
2.974660396575927734e-01
2.833240032196044922e-01
2.948782444000244141e-01
2.754218876361846924e-01
2.686360478401184082e-01
2.697080373764038086e-01
2.448225021362304688e-01
2.372789382934570312e-01
2.338975369930267334e-01
2.396710664033889771e-01
2.337355911731719971e-01
2.221758514642715454e-01
2.318343669176101685e-01
2.229227423667907715e-01
2.183814644813537598e-01
2.374683469533920288e-01
2.331729531288146973e-01
2.519951164722442627e-01
2.353215515613555908e-01
2.351650297641754150e-01
2.073779702186584473e-01
1.877739131450653076e-01
1.920291632413864136e-01
1.830044835805892944e-01
1.826454550027847290e-01
1.717574000358581543e-01
1.735789179801940918e-01
1.675506979227066040e-01
1.646484285593032837e-01
1.668484956026077271e-01
1.621497273445129395e-01
1.605981290340423584e-01
1.579341739416122437e-01
1.630229949951171875e-01
1.491248160600662231e-01
1.443229764699935913e-01
1.466503292322158813e-01
1.472751647233963013e-01
1.404574215412139893e-01
1.446963697671890259e-01
1.413199901580810547e-01
1.308326572179794312e-01
1.252381503582000732e-01
1.313580870628356934e-01
1.358032971620559692e-01
1.362918913364410400e-01
1.419905424118041992e-01
1.407493352890014648e-01
1.299102008342742920e-01
1.245029792189598083e-01
1.287319362163543701e-01
1.272927075624465942e-01
1.263694912195205688e-01
1.348278969526290894e-01
1.230978891253471375e-01
1.159812957048416138e-01
9.995044767856597900e-02
1.125033050775527954e-01
9.986475110054016113e-02
1.067528277635574341e-01
1.066543012857437134e-01
1.035976633429527283e-01
9.926008433103561401e-02
8.470678329467773438e-02
8.662452548742294312e-02
8.130984008312225342e-02
8.369982242584228516e-02
8.813953399658203125e-02
8.358710259199142456e-02
8.132962882518768311e-02
6.908876448869705200e-02
8.039306104183197021e-02
7.537667453289031982e-02
7.781352102756500244e-02
7.703186571598052979e-02
6.972067803144454956e-02
7.166081666946411133e-02
5.320097878575325012e-02
7.107099145650863647e-02
6.073182821273803711e-02
6.658881157636642456e-02
6.069067120552062988e-02
6.307815015316009521e-02
5.384180322289466858e-02
5.671593174338340759e-02
4.573742300271987915e-02
5.618136376142501831e-02
5.202795937657356262e-02
5.679005011916160583e-02
4.898002371191978455e-02
4.852412641048431396e-02
4.198683798313140869e-02
3.891134262084960938e-02
4.259302839636802673e-02
4.466192051768302917e-02
4.854365438222885132e-02
4.481946304440498352e-02
4.193605482578277588e-02
3.987516835331916809e-02
3.043723478913307190e-02
4.021257534623146057e-02
3.695833683013916016e-02
4.043637961149215698e-02
3.355715423822402954e-02
3.403576463460922241e-02
3.038807585835456848e-02
2.617398649454116821e-02
2.993243932723999023e-02
2.796309441328048706e-02
3.029429353773593903e-02
2.853497862815856934e-02
2.946086972951889038e-02
3.013546951115131378e-02
2.434342354536056519e-02
2.905877120792865753e-02
2.470367588102817535e-02
2.801279909908771515e-02
2.660023421049118042e-02
2.704615145921707153e-02
2.566424384713172913e-02
2.151540294289588928e-02
2.391535043716430664e-02
2.134602144360542297e-02
2.214391715824604034e-02
2.417953126132488251e-02
1.987824216485023499e-02
2.128072455525398254e-02
1.548698544502258301e-02
2.029739134013652802e-02
1.837126724421977997e-02
1.955402269959449768e-02
2.057322114706039429e-02
1.622619293630123138e-02
1.544800214469432831e-02
1.425496023148298264e-02
1.522101741284132004e-02
1.627438701689243317e-02
1.623032428324222565e-02
1.734689436852931976e-02
1.539367996156215668e-02
1.648003049194812775e-02
1.171069499105215073e-02
1.701773703098297119e-02
1.272697746753692627e-02
1.844662055373191833e-02
1.332012657076120377e-02
2.086916379630565643e-02
1.269812881946563721e-02
2.051413059234619141e-02
1.244133338332176208e-02
2.748446352779865265e-02
1.087966561317443848e-02
4.320864006876945496e-02
2.276992984116077423e-02
1.438560523092746735e-02
7.421075701713562012e-01
7.465511560440063477e-02
9.901845827698707581e-03
1.397586520761251450e-02
2.763851732015609741e-02
2.869659103453159332e-02
6.409164518117904663e-02
1.292059719562530518e-01
3.323926031589508057e-01
2.956113815307617188e-01
2.100291997194290161e-01
2.841077446937561035e-01
1.128951460123062134e-01
2.598620057106018066e-01
1.910710781812667847e-01
2.113059610128402710e-01
1.596385091543197632e-01
1.302568167448043823e-01
1.477522552013397217e-01
1.021265015006065369e-01
1.405409127473831177e-01
1.382107138633728027e-01
1.445125788450241089e-01
1.565847545862197876e-01
1.507232040166854858e-01
1.636221855878829956e-01
1.318584084510803223e-01
1.561802774667739868e-01
1.546090245246887207e-01
1.531483680009841919e-01
1.676089763641357422e-01
1.560884714126586914e-01
1.746905744075775146e-01
1.564713120460510254e-01
1.723057031631469727e-01
1.777033954858779907e-01
1.767531931400299072e-01
1.917839348316192627e-01
1.929470151662826538e-01
2.109934538602828979e-01
2.009925693273544312e-01
1.983936280012130737e-01
2.192197889089584351e-01
2.090248763561248779e-01
2.289197593927383423e-01
2.264533191919326782e-01
2.339475005865097046e-01
2.276880592107772827e-01
2.179308384656906128e-01
2.366614639759063721e-01
2.104707509279251099e-01
2.273729443550109863e-01
2.109460383653640747e-01
2.231351584196090698e-01
2.060847431421279907e-01
2.084492892026901245e-01
2.157448679208755493e-01
2.034488767385482788e-01
2.147273123264312744e-01
2.108636349439620972e-01
2.121514528989791870e-01
2.062506228685379028e-01
1.986979097127914429e-01
2.122241854667663574e-01
1.947267949581146240e-01
2.100459188222885132e-01
2.011834383010864258e-01
2.099491357803344727e-01
2.009158432483673096e-01
2.025043219327926636e-01
2.061467915773391724e-01
2.047846168279647827e-01
2.079247534275054932e-01
2.175168842077255249e-01
2.162597924470901489e-01
2.250815927982330322e-01
2.095678001642227173e-01
2.274296432733535767e-01
2.074701189994812012e-01
2.258477956056594849e-01
2.090460062026977539e-01
2.269387841224670410e-01
2.018899470567703247e-01
2.219203412532806396e-01
1.905402094125747681e-01
2.099709361791610718e-01
2.001543194055557251e-01
2.143429666757583618e-01
2.137354761362075806e-01
2.174225896596908569e-01
2.256349176168441772e-01
2.044907957315444946e-01
2.420520186424255371e-01
2.156705260276794434e-01
2.537883818149566650e-01
2.452492713928222656e-01
2.577457129955291748e-01
2.561823725700378418e-01
2.246103286743164062e-01
2.610643804073333740e-01
2.440886348485946655e-01
2.541119158267974854e-01
2.544988095760345459e-01
2.538574934005737305e-01
2.479296475648880005e-01
2.264935076236724854e-01
2.528065741062164307e-01
2.361560910940170288e-01
2.391684204339981079e-01
2.499272823333740234e-01
2.479893863201141357e-01
2.376842349767684937e-01
2.205025702714920044e-01
2.393899261951446533e-01
2.312993854284286499e-01
2.336863726377487183e-01
2.470506578683853149e-01
2.364441305398941040e-01
2.347733527421951294e-01
2.063294798135757446e-01
2.314484864473342896e-01
2.191051989793777466e-01
2.192002087831497192e-01
2.319194376468658447e-01
2.202312946319580078e-01
2.154092192649841309e-01
1.891261786222457886e-01
2.147182822227478027e-01
2.098589986562728882e-01
2.124986797571182251e-01
2.281525582075119019e-01
2.112834006547927856e-01
2.215056270360946655e-01
1.928666681051254272e-01
2.168912738561630249e-01
1.934968680143356323e-01
2.002471834421157837e-01
2.018847465515136719e-01
1.939346045255661011e-01
1.901526302099227905e-01
1.726114153861999512e-01
1.816645562648773193e-01
1.643088012933731079e-01
1.630919277667999268e-01
1.722117364406585693e-01
1.594428718090057373e-01
1.606010943651199341e-01
1.420076042413711548e-01
1.557632982730865479e-01
1.382450461387634277e-01
1.445307880640029907e-01
1.385161280632019043e-01
1.441639065742492676e-01
1.328248828649520874e-01
1.374285966157913208e-01
1.310454607009887695e-01
1.283828020095825195e-01
1.176728457212448120e-01
1.237485036253929138e-01
1.142242625355720520e-01
1.149722337722778320e-01
1.083198785781860352e-01
1.124475002288818359e-01
1.069529280066490173e-01
1.024611666798591614e-01
1.025902032852172852e-01
9.942842274904251099e-02
1.012437865138053894e-01
1.027181446552276611e-01
1.000058278441429138e-01
1.007696241140365601e-01
8.938747644424438477e-02
9.293410181999206543e-02
8.495000004768371582e-02
8.991619199514389038e-02
8.804589509963989258e-02
8.708037436008453369e-02
8.774088323116302490e-02
7.600645720958709717e-02
8.173376321792602539e-02
7.839847356081008911e-02
7.965748012065887451e-02
7.683629542589187622e-02
7.571592926979064941e-02
7.050812244415283203e-02
6.756055355072021484e-02
6.101639196276664734e-02
6.730287522077560425e-02
6.249419227242469788e-02
6.794242560863494873e-02
6.022294238209724426e-02
6.216682493686676025e-02
5.262625217437744141e-02
5.612709745764732361e-02
5.509128421545028687e-02
5.736141279339790344e-02
5.535309389233589172e-02
5.511101335287094116e-02
4.801781475543975830e-02
4.975854977965354919e-02
4.247795417904853821e-02
4.814017191529273987e-02
4.607889056205749512e-02
4.623267054557800293e-02
4.374582320451736450e-02
4.009918496012687683e-02
4.050645604729652405e-02
3.663183003664016724e-02
4.037407785654067993e-02
4.109014570713043213e-02
3.944151848554611206e-02
3.987808525562286377e-02
3.235279768705368042e-02
3.794175386428833008e-02
3.165738657116889954e-02
3.976818919181823730e-02
3.536352887749671936e-02
3.688059747219085693e-02
3.378612920641899109e-02
2.893751487135887146e-02
3.071054443717002869e-02
2.704978175461292267e-02
3.011318668723106384e-02
3.150832653045654297e-02
2.968156151473522186e-02
2.940999343991279602e-02
2.686145156621932983e-02
2.617836371064186096e-02
2.253356203436851501e-02
2.346628531813621521e-02
2.236185595393180847e-02
2.193533256649971008e-02
2.081616781651973724e-02
2.093138545751571655e-02
1.942441053688526154e-02
1.775763928890228271e-02
1.812165416777133942e-02
1.848806813359260559e-02
1.683274842798709869e-02
1.714598014950752258e-02
1.592940650880336761e-02
1.482167653739452362e-02
1.306147966533899307e-02
1.382410153746604919e-02
1.296362839639186859e-02
1.330258324742317200e-02
1.236706320196390152e-02
1.463967375457286835e-02
9.501083754003047943e-03
1.490232814103364944e-02
9.307934902608394623e-03
1.886814460158348083e-02
8.295310661196708679e-03
3.563852235674858093e-02
2.109832502901554108e-02
2.908842079341411591e-02
6.508110165596008301e-01
2.785439416766166687e-02
3.990469034761190414e-03
5.879286210983991623e-03
1.016667578369379044e-02
1.302839443087577820e-02
3.017609566450119019e-02
4.530328512191772461e-02
1.136788427829742432e-01
1.186370179057121277e-01
8.516681939363479614e-02
1.289581507444381714e-01
5.913981050252914429e-02
1.265272647142410278e-01
9.446960687637329102e-02
1.021241173148155212e-01
8.268850296735763550e-02
6.881769746541976929e-02
8.375333249568939209e-02
6.405705958604812622e-02
8.240833878517150879e-02
8.299429714679718018e-02
8.543202280998229980e-02
9.079016745090484619e-02
8.521746844053268433e-02
9.598113596439361572e-02
9.053977578878402710e-02
9.503477066755294800e-02
1.032020300626754761e-01
1.001210436224937439e-01
1.146751269698143005e-01
1.117368489503860474e-01
1.265797466039657593e-01
1.234227865934371948e-01
1.226776465773582458e-01
1.442916691303253174e-01
1.442586630582809448e-01
1.610456556081771851e-01
1.663427650928497314e-01
1.816273629665374756e-01
1.843218505382537842e-01
1.842085570096969604e-01
2.253666669130325317e-01
2.171233892440795898e-01
2.545840740203857422e-01
2.603975832462310791e-01
2.725338935852050781e-01
2.832944095134735107e-01
2.648251950740814209e-01
3.103174567222595215e-01
2.862393558025360107e-01
3.169766664505004883e-01
3.114660084247589111e-01
3.182201683521270752e-01
3.175438642501831055e-01
3.049099147319793701e-01
3.353704512119293213e-01
3.297774493694305420e-01
3.457210659980773926e-01
3.594616353511810303e-01
3.559900820255279541e-01
3.619773983955383301e-01
3.354050815105438232e-01
3.708565533161163330e-01
3.556641042232513428e-01
3.727275431156158447e-01
3.746123909950256348e-01
3.744295537471771240e-01
3.681210279464721680e-01
3.585948944091796875e-01
3.702498674392700195e-01
3.740719556808471680e-01
3.683378398418426514e-01
3.958722054958343506e-01
3.679522573947906494e-01
3.972143530845642090e-01
3.447820544242858887e-01
4.079231023788452148e-01
3.465138673782348633e-01
3.959091305732727051e-01
3.447097837924957275e-01
3.816813528537750244e-01
3.250284492969512939e-01
3.658018708229064941e-01
3.048849403858184814e-01
3.270465433597564697e-01
3.082208931446075439e-01
3.139311075210571289e-01
3.009353280067443848e-01
2.982622087001800537e-01
2.928471863269805908e-01
2.626406848430633545e-01
3.011693358421325684e-01
2.487871348857879639e-01
2.910874187946319580e-01
2.501271665096282959e-01
2.725497782230377197e-01
2.388177216053009033e-01
2.370239347219467163e-01
2.412315607070922852e-01
2.197858393192291260e-01
2.331673800945281982e-01
2.198822200298309326e-01
2.323865145444869995e-01
2.103999108076095581e-01
2.066925615072250366e-01
2.144130766391754150e-01
1.977997720241546631e-01
2.082397788763046265e-01
1.978677809238433838e-01
2.115084677934646606e-01
1.926148980855941772e-01
1.978983134031295776e-01
2.051198929548263550e-01
1.976244151592254639e-01
1.990827471017837524e-01
1.951303631067276001e-01
2.031376510858535767e-01
1.875319182872772217e-01
1.899419575929641724e-01
1.958801746368408203e-01
1.900924444198608398e-01
1.866537779569625854e-01
1.884900629520416260e-01
1.936939805746078491e-01
1.850495338439941406e-01
1.926303356885910034e-01
1.868128180503845215e-01
1.836964488029479980e-01
1.754267215728759766e-01
1.929299384355545044e-01
1.957326531410217285e-01
1.978572756052017212e-01
1.951833963394165039e-01
1.975920945405960083e-01
1.944277882575988770e-01
1.862166672945022583e-01
2.014695256948471069e-01
2.114371359348297119e-01
2.086262553930282593e-01
2.234910577535629272e-01
2.125949859619140625e-01
2.277472019195556641e-01
1.954019069671630859e-01
2.399044483900070190e-01
2.361061424016952515e-01
2.472246736288070679e-01
2.710760235786437988e-01
2.646201848983764648e-01
2.718580663204193115e-01
2.220182567834854126e-01
2.908431291580200195e-01
2.978714406490325928e-01
3.166739344596862793e-01
3.615857660770416260e-01
3.119982481002807617e-01
3.156123459339141846e-01
2.297052443027496338e-01
3.101634383201599121e-01
2.862090468406677246e-01
3.033365905284881592e-01
3.210609555244445801e-01
2.837599813938140869e-01
2.678687274456024170e-01
2.160009592771530151e-01
2.629660964012145996e-01
2.424492985010147095e-01
2.512060701847076416e-01
2.407896369695663452e-01
2.272938340902328491e-01
2.171881049871444702e-01
1.879152208566665649e-01
2.022128254175186157e-01
1.863234490156173706e-01
1.889410465955734253e-01
1.751080453395843506e-01
1.721929013729095459e-01
1.622567623853683472e-01
1.399423480033874512e-01
1.542353928089141846e-01
1.440550088882446289e-01
1.480818539857864380e-01
1.384304910898208618e-01
1.313529014587402344e-01
1.143337711691856384e-01
1.105831116437911987e-01
9.820106625556945801e-02
1.067741662263870239e-01
9.368941932916641235e-02
9.784414619207382202e-02
7.973903417587280273e-02
8.091299980878829956e-02
6.844576448202133179e-02
6.845093518495559692e-02
6.358426809310913086e-02
6.512419134378433228e-02
6.078740209341049194e-02
6.057744845747947693e-02
5.893129482865333557e-02
5.227532610297203064e-02
4.549230635166168213e-02
4.654888808727264404e-02
4.508870840072631836e-02
4.462712630629539490e-02
4.042576998472213745e-02
3.786979243159294128e-02
3.198320418596267700e-02
3.053615987300872803e-02
2.858345583081245422e-02
2.996578253805637360e-02
2.846004068851470947e-02
2.718483470380306244e-02
2.563429065048694611e-02
2.318758144974708557e-02
2.332279644906520844e-02
2.276453189551830292e-02
2.290882542729377747e-02
2.243206091225147247e-02
2.100232243537902832e-02
2.013474144041538239e-02
1.755854301154613495e-02
1.698610000312328339e-02
1.631612144410610199e-02
1.658121310174465179e-02
1.564544253051280975e-02
1.534254942089319229e-02
1.511620450764894485e-02
1.385333295911550522e-02
1.321564149111509323e-02
1.313807070255279541e-02
1.323360111564397812e-02
1.345481164753437042e-02
1.271617878228425980e-02
1.327907200902700424e-02
1.179406605660915375e-02
1.101343985646963120e-02
1.017475593835115433e-02
1.058431807905435562e-02
9.396292269229888916e-03
9.609893895685672760e-03
9.164973162114620209e-03
8.356068283319473267e-03
7.679785136133432388e-03
8.057952858507633209e-03
6.913469173014163971e-03
7.795461919158697128e-03
6.324263755232095718e-03
8.784231729805469513e-03
5.216253921389579773e-03
9.808862581849098206e-03
4.838345572352409363e-03
1.311551779508590698e-02
4.516222048550844193e-03
2.727048285305500031e-02
1.285261847078800201e-02
1.596574485301971436e-02
3.982872664928436279e-01
2.793563716113567352e-02
3.340440569445490837e-03
4.066454246640205383e-03
9.090038947761058807e-03
1.087626442313194275e-02
2.885279990732669830e-02
1.137812435626983643e-01
4.446866214275360107e-01
3.611676394939422607e-01
3.095292448997497559e-01
3.003430366516113281e-01
8.031902462244033813e-02
2.830397188663482666e-01
2.278213202953338623e-01
2.996210753917694092e-01
1.974715888500213623e-01
2.026315629482269287e-01
1.907755434513092041e-01
1.447956264019012451e-01
1.861961930990219116e-01
1.371683627367019653e-01
1.874428838491439819e-01
1.928321272134780884e-01
2.110679596662521362e-01
2.127536237239837646e-01
2.019511908292770386e-01
1.952052265405654907e-01
1.880465745925903320e-01
2.085231542587280273e-01
1.997841298580169678e-01
2.189081460237503052e-01
2.119252085685729980e-01
2.134014666080474854e-01
1.879557371139526367e-01
2.114575356245040894e-01
2.131036072969436646e-01
2.062288522720336914e-01
2.289241254329681396e-01
2.325606942176818848e-01
2.384583055973052979e-01
2.203764170408248901e-01
2.428512573242187500e-01
2.301648706197738647e-01
2.306422442197799683e-01
2.424481511116027832e-01
2.398322224617004395e-01
2.468023896217346191e-01
2.299859523773193359e-01
2.540049850940704346e-01
2.284696251153945923e-01
2.448378652334213257e-01
2.332231551408767700e-01
2.379470616579055786e-01
2.301736772060394287e-01
2.291535884141921997e-01
2.343479990959167480e-01
2.267459630966186523e-01
2.328262180089950562e-01
2.319730222225189209e-01
2.316368818283081055e-01
2.259015142917633057e-01
2.158516645431518555e-01
2.256615757942199707e-01
2.082438766956329346e-01
2.200827747583389282e-01
2.104352861642837524e-01
2.219938337802886963e-01
2.054006010293960571e-01
2.141714394092559814e-01
2.055720984935760498e-01
2.070531994104385376e-01
2.029682546854019165e-01
2.112429291009902954e-01
2.102499455213546753e-01
2.121636420488357544e-01
2.064595669507980347e-01
2.193863540887832642e-01
2.002293020486831665e-01
2.139513492584228516e-01
1.994346827268600464e-01
2.177760601043701172e-01
1.959566771984100342e-01
2.181412875652313232e-01
1.939595192670822144e-01
2.043869197368621826e-01
1.967864185571670532e-01
2.064521908760070801e-01
2.056059688329696655e-01
2.100792676210403442e-01
2.140475362539291382e-01
2.022221088409423828e-01
2.289565503597259521e-01
2.011649757623672485e-01
2.350838035345077515e-01
2.171776294708251953e-01
2.395510226488113403e-01
2.255922108888626099e-01
2.260694205760955811e-01
2.374789416790008545e-01
2.336303144693374634e-01
2.416545152664184570e-01
2.484114617109298706e-01
2.569007873535156250e-01
2.573435306549072266e-01
2.425456792116165161e-01
2.659229636192321777e-01
2.528537213802337646e-01
2.626075148582458496e-01
2.664313316345214844e-01
2.698314487934112549e-01
2.603280246257781982e-01
2.367096841335296631e-01
2.563692331314086914e-01
2.424481809139251709e-01
2.439178824424743652e-01
2.419994622468948364e-01
2.419549673795700073e-01
2.275387048721313477e-01
2.191930711269378662e-01
2.238735407590866089e-01
2.105642855167388916e-01
2.092062532901763916e-01
2.086564451456069946e-01
2.128472626209259033e-01
1.985937058925628662e-01
1.947505474090576172e-01
1.975116729736328125e-01
1.951319426298141479e-01
1.932283937931060791e-01
2.024586945772171021e-01
2.021041810512542725e-01
1.963699609041213989e-01
1.900743246078491211e-01
1.912135183811187744e-01
1.833963990211486816e-01
1.837596595287322998e-01
1.828450709581375122e-01
1.929319798946380615e-01
1.769018620252609253e-01
1.833061277866363525e-01
1.694651097059249878e-01
1.750853657722473145e-01
1.622269004583358765e-01
1.829208731651306152e-01
1.875056624412536621e-01
1.839265972375869751e-01
1.916177272796630859e-01
1.751337349414825439e-01
1.748456805944442749e-01
1.530545055866241455e-01
1.764239668846130371e-01
1.812932938337326050e-01
1.750438809394836426e-01
1.878777742385864258e-01
1.609297841787338257e-01
1.651245504617691040e-01
1.321943849325180054e-01
1.563509553670883179e-01
1.494737565517425537e-01
1.500801444053649902e-01
1.525670289993286133e-01
1.385370194911956787e-01
1.290599405765533447e-01
1.172958910465240479e-01
1.234696358442306519e-01
1.179709881544113159e-01
1.207201257348060608e-01
1.248741075396537781e-01
1.151963248848915100e-01
1.126928776502609253e-01
9.743183106184005737e-02
1.060346215963363647e-01
9.597003459930419922e-02
1.026478782296180725e-01
9.739932417869567871e-02
9.336839616298675537e-02
9.154330193996429443e-02
7.633980363607406616e-02
8.586862683296203613e-02
7.716756314039230347e-02
8.263225853443145752e-02
7.336722314357757568e-02
7.610818743705749512e-02
6.762249022722244263e-02
6.846562027931213379e-02
6.162209808826446533e-02
6.571374833583831787e-02
6.020964682102203369e-02
6.281052529811859131e-02
5.604235827922821045e-02
5.786435306072235107e-02
5.200298875570297241e-02
5.319753289222717285e-02
5.316929891705513000e-02
5.514114722609519958e-02
5.426096543669700623e-02
5.328349769115447998e-02
4.931339249014854431e-02
4.976475611329078674e-02
4.375744983553886414e-02
5.052061006426811218e-02
4.660654440522193909e-02
5.059584975242614746e-02
4.484134912490844727e-02
4.680233076214790344e-02
4.347887262701988220e-02
4.044473916292190552e-02
4.309189319610595703e-02
4.284401983022689819e-02
4.595183581113815308e-02
4.323868453502655029e-02
4.402677714824676514e-02
4.330902919173240662e-02
3.811379149556159973e-02
4.490058496594429016e-02
4.285698756575584412e-02
4.898621886968612671e-02
4.366116598248481750e-02
4.439565166831016541e-02
4.120308905839920044e-02
3.504290431737899780e-02
3.950789943337440491e-02
3.738508000969886780e-02
3.940669447183609009e-02
4.040971398353576660e-02
3.741364181041717529e-02
3.769258409738540649e-02
3.048327751457691193e-02
3.517274931073188782e-02
3.332801908254623413e-02
3.509778529405593872e-02
3.444803506135940552e-02
3.279560059309005737e-02
3.244887664914131165e-02
2.680565603077411652e-02
2.909923903644084930e-02
2.678501978516578674e-02
2.714963443577289581e-02
2.584812231361865997e-02
2.454695478081703186e-02
2.381289005279541016e-02
1.874632015824317932e-02
2.144989557564258575e-02
1.761622354388237000e-02
1.970537751913070679e-02
1.670923642814159393e-02
1.911186240613460541e-02
1.646810024976730347e-02
1.637056469917297363e-02
1.579556427896022797e-02
1.971424184739589691e-02
1.602301187813282013e-02
2.900341525673866272e-02
2.122091501951217651e-02
1.911300420761108398e-02
4.109137952327728271e-01
5.188880488276481628e-02
5.336272995918989182e-03
8.611580356955528259e-03
1.714886538684368134e-02
2.807576954364776611e-02
1.192401573061943054e-01
2.603726983070373535e-01
4.155635535717010498e-01
3.739738464355468750e-01
2.643250524997711182e-01
3.082019090652465820e-01
1.258154362440109253e-01
2.975269854068756104e-01
2.061913609504699707e-01
2.259415388107299805e-01
1.548794209957122803e-01
1.302702575922012329e-01
1.487992852926254272e-01
1.065387502312660217e-01
1.350640654563903809e-01
1.184609383344650269e-01
1.168987527489662170e-01
1.178480237722396851e-01
1.129754409193992615e-01
1.305067241191864014e-01
1.253549456596374512e-01
1.303088366985321045e-01
1.289734989404678345e-01
1.328974664211273193e-01
1.565927416086196899e-01
1.558840125799179077e-01
1.596026718616485596e-01
1.573156714439392090e-01
1.434193104505538940e-01
1.750964671373367310e-01
1.782024502754211426e-01
1.812618672847747803e-01
1.891852021217346191e-01
1.802223175764083862e-01
1.813545227050781250e-01
1.718527227640151978e-01
2.037025541067123413e-01
1.986964643001556396e-01
2.216922938823699951e-01
2.334866374731063843e-01
2.332650572061538696e-01
2.349980473518371582e-01
2.124630957841873169e-01
2.406341135501861572e-01
2.182520925998687744e-01
2.366493195295333862e-01
2.294458895921707153e-01
2.294993996620178223e-01
2.238439470529556274e-01
2.128766924142837524e-01
2.291134893894195557e-01
2.206710427999496460e-01
2.299482673406600952e-01
2.321390062570571899e-01
2.291672378778457642e-01
2.298119664192199707e-01
2.141341269016265869e-01
2.359357625246047974e-01
2.233536243438720703e-01
2.401606440544128418e-01
2.363990992307662964e-01
2.410813719034194946e-01
2.302904427051544189e-01
2.326409071683883667e-01
2.299028038978576660e-01
2.359699010848999023e-01
2.287675738334655762e-01
2.470819950103759766e-01
2.359786331653594971e-01
2.498247921466827393e-01
2.301356643438339233e-01
2.483384758234024048e-01
2.252450734376907349e-01
2.399027347564697266e-01
2.240003645420074463e-01
2.389095574617385864e-01
2.140963226556777954e-01
2.325464785099029541e-01
1.989048272371292114e-01
2.107820808887481689e-01
1.982343047857284546e-01
2.051887512207031250e-01
2.001529633998870850e-01
1.963701993227005005e-01
1.951526254415512085e-01
1.753200739622116089e-01
1.960722953081130981e-01
1.697554588317871094e-01
1.932563483715057373e-01
1.741075664758682251e-01
1.854066699743270874e-01
1.698095649480819702e-01
1.688998788595199585e-01
1.764115840196609497e-01
1.699800342321395874e-01
1.808033883571624756e-01
1.777738779783248901e-01
1.854485273361206055e-01
1.789276003837585449e-01
1.733838617801666260e-01
1.947826296091079712e-01
1.865394115447998047e-01
1.989321261644363403e-01
1.957299858331680298e-01
2.052547186613082886e-01
1.949797421693801880e-01
1.888131648302078247e-01
2.039869427680969238e-01
1.907122731208801270e-01
1.984098106622695923e-01
1.929958909749984741e-01
2.002625316381454468e-01
1.877574324607849121e-01
1.848590970039367676e-01
1.951697170734405518e-01
1.847548335790634155e-01
1.829228699207305908e-01
1.818721741437911987e-01
1.850878298282623291e-01
1.769357025623321533e-01
1.692150384187698364e-01
1.781211793422698975e-01
1.597530245780944824e-01
1.688694953918457031e-01
1.685165017843246460e-01
1.773346364498138428e-01
1.792184114456176758e-01
1.732736974954605103e-01
1.858202069997787476e-01
1.702802181243896484e-01
1.801621615886688232e-01
1.788457781076431274e-01
1.924132406711578369e-01
1.826744824647903442e-01
1.917162984609603882e-01
1.916946768760681152e-01
1.862173676490783691e-01
1.810039430856704712e-01
1.975748389959335327e-01
1.992281824350357056e-01
1.991380900144577026e-01
2.110776156187057495e-01
2.122497260570526123e-01
1.988335400819778442e-01
1.829368472099304199e-01
1.912645697593688965e-01
1.950452178716659546e-01
1.864366084337234497e-01
2.002424597740173340e-01
1.862254440784454346e-01
1.817056834697723389e-01
1.599764823913574219e-01
1.781015396118164062e-01
1.719567179679870605e-01
1.678437739610671997e-01
1.672303527593612671e-01
1.662249118089675903e-01
1.530252844095230103e-01
1.530712544918060303e-01
1.532207131385803223e-01
1.610537320375442505e-01
1.461562961339950562e-01
1.555377095937728882e-01
1.416267305612564087e-01
1.455243825912475586e-01
1.348360627889633179e-01
1.394249647855758667e-01
1.329288333654403687e-01
1.276908516883850098e-01
1.258182525634765625e-01
1.245280876755714417e-01
1.285027712583541870e-01
1.162914410233497620e-01
1.269050836563110352e-01
1.091756671667098999e-01
1.205111220479011536e-01
1.018377244472503662e-01
1.104195788502693176e-01
9.431792050600051880e-02
9.607805311679840088e-02
8.500882983207702637e-02
8.307779580354690552e-02
7.937519997358322144e-02
7.471168786287307739e-02
6.966700404882431030e-02
6.920468807220458984e-02
5.936185270547866821e-02
6.116863712668418884e-02
5.615769699215888977e-02
6.257594376802444458e-02
5.609542876482009888e-02
5.679714307188987732e-02
5.435181036591529846e-02
5.074918642640113831e-02
5.203120037913322449e-02
5.069971457123756409e-02
5.219452828168869019e-02
4.881232604384422302e-02
4.402939230203628540e-02
4.370204731822013855e-02
4.036898538470268250e-02
3.810935467481613159e-02
3.701339662075042725e-02
3.658405318856239319e-02
3.462918102741241455e-02
3.422642871737480164e-02
3.318938985466957092e-02
3.224351257085800171e-02
3.137637302279472351e-02
3.105873055756092072e-02
3.237026929855346680e-02
3.273610770702362061e-02
3.197598829865455627e-02
3.327734395861625671e-02
3.121072798967361450e-02
3.200216591358184814e-02
2.998943440616130829e-02
3.300740942358970642e-02
3.240688517689704895e-02
3.344331309199333191e-02
3.405315801501274109e-02
3.390039876103401184e-02
3.207045421004295349e-02
3.265520557761192322e-02
3.381698206067085266e-02
3.589093312621116638e-02
3.417457640171051025e-02
3.806169331073760986e-02
3.685446828603744507e-02
3.921291977167129517e-02
3.581466525793075562e-02
3.909638524055480957e-02
3.565610200166702271e-02
3.787352144718170166e-02
3.747816011309623718e-02
3.800879418849945068e-02
3.383277356624603271e-02
3.723362833261489868e-02
2.962685003876686096e-02
3.738112002611160278e-02
3.088048100471496582e-02
3.970779106020927429e-02
2.874290384352207184e-02
3.705321252346038818e-02
2.691487781703472137e-02
3.746118396520614624e-02
2.261184342205524445e-02
6.635973602533340454e-02
2.813359908759593964e-02
1.979458145797252655e-02
5.259079337120056152e-01
3.930181264877319336e-03
8.346046670340001583e-04
1.217969343997538090e-03
4.748226143419742584e-03
5.272738169878721237e-03
1.216544024646282196e-02
1.493611279875040054e-02
1.647890172898769379e-02
2.302027679979801178e-02
1.390684675425291061e-02
3.099825046956539154e-02
2.131533809006214142e-02
4.358839243650436401e-02
3.635256364941596985e-02
3.727640211582183838e-02
3.710323944687843323e-02
2.877452597022056580e-02
4.466330260038375854e-02
3.564063459634780884e-02
5.222161486744880676e-02
5.347017943859100342e-02
6.312606483697891235e-02
7.526395469903945923e-02
8.612807840108871460e-02
9.369802474975585938e-02
9.061364084482192993e-02
1.070500463247299194e-01
1.133649051189422607e-01
1.165219694375991821e-01
1.254528760910034180e-01
1.261162608861923218e-01
1.417536884546279907e-01
1.319969594478607178e-01
1.344101727008819580e-01
1.456949412822723389e-01
1.433276981115341187e-01
1.603278964757919312e-01
1.630552560091018677e-01
1.824511438608169556e-01
1.607928872108459473e-01
1.719580888748168945e-01
1.701536476612091064e-01
1.663464754819869995e-01
1.694417148828506470e-01
1.716854125261306763e-01
1.739540547132492065e-01
1.645395010709762573e-01
1.557946056127548218e-01
1.552532464265823364e-01
1.436720192432403564e-01
1.515808403491973877e-01
1.344614028930664062e-01
1.580121964216232300e-01
1.382667422294616699e-01
1.567570269107818604e-01
1.405043601989746094e-01
1.448854357004165649e-01
1.484571248292922974e-01
1.426250189542770386e-01
1.556342542171478271e-01
1.401000767946243286e-01
1.448289602994918823e-01
1.333876699209213257e-01
1.278415024280548096e-01
1.356673240661621094e-01
1.319409012794494629e-01
1.402866244316101074e-01
1.224432364106178284e-01
1.327072679996490479e-01
1.189190670847892761e-01
1.192510426044464111e-01
1.163626015186309814e-01
1.242987513542175293e-01
1.300015300512313843e-01
1.335090100765228271e-01
1.285023093223571777e-01
1.411238163709640503e-01
1.335829198360443115e-01
1.435246765613555908e-01
1.379700899124145508e-01
1.499912291765213013e-01
1.343214213848114014e-01
1.466540545225143433e-01
1.298978328704833984e-01
1.280078887939453125e-01
1.293014436960220337e-01
1.223354786634445190e-01
1.362769305706024170e-01
1.291590631008148193e-01
1.419067233800888062e-01
1.279791742563247681e-01
1.342123001813888550e-01
1.165671572089195251e-01
1.179663985967636108e-01
1.156856790184974670e-01
1.179589033126831055e-01
1.088762283325195312e-01
1.072798445820808411e-01
9.844162315130233765e-02
9.810474514961242676e-02
9.232638776302337646e-02
9.674786776304244995e-02
9.627313166856765747e-02
9.293936938047409058e-02
9.102620929479598999e-02
9.128143638372421265e-02
8.711411803960800171e-02
8.551937341690063477e-02
8.653166890144348145e-02
9.145479649305343628e-02
8.758413046598434448e-02
9.229934960603713989e-02
8.796404302120208740e-02
8.945997804403305054e-02
8.288744837045669556e-02
9.041882306337356567e-02
9.514470398426055908e-02
9.572110325098037720e-02
9.676377475261688232e-02
9.598781168460845947e-02
9.587635844945907593e-02
9.263104945421218872e-02
9.696008265018463135e-02
1.002634018659591675e-01
9.902126342058181763e-02
1.003523990511894226e-01
1.027842089533805847e-01
9.957676380872726440e-02
1.064211353659629822e-01
1.103618144989013672e-01
1.202455535531044006e-01
1.268407106399536133e-01
1.286455392837524414e-01
1.332637965679168701e-01
1.224360018968582153e-01
1.318588852882385254e-01
1.229451745748519897e-01
1.310540884733200073e-01
1.158779561519622803e-01
1.098839119076728821e-01
1.031436622142791748e-01
9.362165629863739014e-02
8.903901278972625732e-02
8.600170910358428955e-02
9.195878356695175171e-02
8.563587814569473267e-02
9.121757000684738159e-02
8.333113789558410645e-02
8.277560770511627197e-02
7.603695988655090332e-02
7.700471580028533936e-02
8.266588300466537476e-02
7.340202480554580688e-02
8.096458762884140015e-02
7.048560678958892822e-02
7.338491082191467285e-02
6.440118700265884399e-02
7.004876434803009033e-02
7.047594338655471802e-02
6.750727444887161255e-02
7.270760089159011841e-02
6.418931484222412109e-02
6.606309860944747925e-02
5.873620510101318359e-02
6.429847329854965210e-02
6.690207868814468384e-02
6.569252908229827881e-02
7.048376649618148804e-02
6.111718341708183289e-02
6.838616728782653809e-02
6.038081645965576172e-02
6.734981387853622437e-02
6.711527705192565918e-02
6.727664172649383545e-02
6.814090907573699951e-02
6.138134375214576721e-02
6.522572040557861328e-02
5.167733132839202881e-02
6.361302733421325684e-02
5.909707397222518921e-02
6.380133330821990967e-02
6.238420307636260986e-02
6.132016330957412720e-02
5.818055570125579834e-02
5.743796750903129578e-02
5.296827852725982666e-02
5.839949473738670349e-02
5.949689820408821106e-02
5.882970616221427917e-02
5.742181092500686646e-02
5.262635648250579834e-02
5.455391481518745422e-02
5.089961364865303040e-02
5.679528787732124329e-02
5.961636826395988464e-02
5.496929213404655457e-02
6.102458015084266663e-02
4.795754328370094299e-02
5.904865637421607971e-02
4.544405639171600342e-02
5.714086815714836121e-02
5.356318503618240356e-02
5.317406728863716125e-02
5.313429608941078186e-02
4.654655978083610535e-02
4.738791286945343018e-02
4.252883791923522949e-02
4.127100482583045959e-02
4.425565898418426514e-02
3.680876642465591431e-02
4.085104539990425110e-02
3.278143331408500671e-02
3.599431738257408142e-02
2.929096296429634094e-02
3.068327158689498901e-02
2.930640429258346558e-02
2.604104764759540558e-02
2.656645327806472778e-02
2.297640219330787659e-02
2.432440966367721558e-02
2.142076939344406128e-02
2.322341129183769226e-02
2.300538495182991028e-02
2.154422923922538757e-02
2.223787084221839905e-02
1.974165998399257660e-02
2.201303280889987946e-02
1.822088286280632019e-02
2.126594074070453644e-02
2.052546106278896332e-02
2.018846012651920319e-02
1.938101276755332947e-02
1.782406307756900787e-02
1.877412199974060059e-02
1.623233594000339508e-02
1.813904754817485809e-02
1.795212365686893463e-02
1.665000431239604950e-02
1.717318221926689148e-02
1.623437181115150452e-02
1.736581325531005859e-02
1.516674831509590149e-02
1.748654060065746307e-02
1.613909378647804260e-02
1.722547411918640137e-02
1.765406318008899689e-02
1.920058578252792358e-02
1.980587653815746307e-02
1.853313483297824860e-02
2.152751572430133820e-02
2.420649677515029907e-02
2.575320377945899963e-02
3.958927467465400696e-02
3.753016144037246704e-02
4.482329264283180237e-02
9.879484772682189941e-01
